1.6058131038111836 1.0
2.207765437382531 2.0
2.6440482255836772 3.0
3.531815166953475 4.0
8.268232899691105 5.0
11.404643994005898 6.0
12.977039067624716 7.0
14.445222674990863 8.0
14.929336245225638 9.0
15.114188813953895 10.0
17.124850403213713 11.0
17.981232698112898 12.0
19.03135637750714 13.0
19.78759774980862 14.0
21.0240167483493 15.0
24.79063974504699 16.0
28.171974974148668 17.0
28.758680439691556 18.0
29.471862412275996 19.0
29.706459158127647 20.0
29.7861658441016 21.0
30.696319811624154 22.0
34.744359822089464 23.0
37.10779235439492 24.0
40.163129246705665 25.0
55.466392472575635 26.0
55.96563931030097 27.0
56.76796918498237 28.0
61.01175157117566 29.0
63.681626650478094 30.0
64.45706470744177 31.0
79.95602144224983 32.0
80.87550492156014 33.0
98.37822509358132 34.0
177.15854101748485 35.0
195.48830038597714 36.0
199.7981642612334 37.0
229.4053887992909 38.0
235.27798434439956 39.0
317.8642462583739 40.0
