2.761430424567357 1.0
13.043416209275156 2.0
14.604323121449816 3.0
15.755870162428334 4.0
17.439328580432168 5.0
30.290060335221213 6.0
30.52339074754305 7.0
54.773078676069986 8.0
64.34629102144011 9.0
83.23053786248641 10.0
191.8573206396947 11.0
195.69154778277436 12.0
196.24885934538094 13.0
196.62323761756426 14.0
206.94634448685994 15.0
479.4897736169179 16.0
635.5951210537946 17.0
2146.3062098401965 18.0
2169.3497878934086 19.0
3606.5324860398623 19.0
3637.9350758047613 19.0
3640.0337892770285 19.0
3640.3357714733133 19.0
3640.849916517355 19.0
3643.320986412465 19.0
3709.9214556638044 19.0
3717.2353111830603 19.0
3720.680280094375 19.0
3726.090373138461 19.0
3726.186559368055 19.0
3835.7220448255266 19.0
3840.2353021685344 19.0
3841.346976618987 19.0
3860.6563107334177 19.0
3892.312630981553 19.0
