3600.0261178172955 0.0
3600.026198965509 0.0
3600.0274687310657 0.0
3600.029235432165 0.0
3600.029324905583 0.0
3600.3417630787894 0.0
3600.3534371789874 0.0
3600.358589929901 0.0
3600.368460086802 0.0
3600.4085126151053 0.0
3600.5579750702295 0.0
3600.567909785752 0.0
3600.5902678547004 0.0
3600.5977442774492 0.0
3600.6462880917798 0.0
3601.1100119103803 0.0
3601.1246367809445 0.0
3601.197047761933 0.0
3601.2336812355734 0.0
3601.357490054819 0.0
3601.5979674924874 0.0
3601.7371429106483 0.0
3601.766663674456 0.0
3601.8134948047077 0.0
3601.976523041035 0.0
3602.2305220799367 0.0
3602.2399367082135 0.0
3602.247757381078 0.0
3602.257474637401 0.0
3602.581417512398 0.0
