2.969721855847218 1.0
3.848459873163061 2.0
4.01072568410648 3.0
4.726041759271864 4.0
6.123860107736536 5.0
70.31341824669255 6.0
71.70170902481884 7.0
85.19875249044655 8.0
143.70222326166007 9.0
164.6801309762062 10.0
535.1780886814722 11.0
563.7164736860701 12.0
583.9326532499092 13.0
780.9133243152172 14.0
785.5406921379151 15.0
3065.4204888930362 16.0
3597.0007405113297 17.0
3601.00360038703 17.0
3601.011883415557 17.0
3601.0623024458514 17.0
3601.065377410054 17.0
3601.0660077741004 17.0
3601.0752883452037 17.0
3601.0950955012277 17.0
3601.100865716814 17.0
3601.103415443266 17.0
3601.115679956999 17.0
3601.1915217906885 17.0
3601.1996756444087 17.0
3601.2672677013747 17.0
