3.5599921119232425 1.0
15.323577170953115 2.0
18.50417846653701 3.0
20.37324466036146 4.0
22.010270319239616 5.0
34.606557712671105 6.0
35.39699690073294 7.0
70.1156221619697 8.0
72.01268194759723 9.0
97.07075568162642 10.0
222.5949502881467 11.0
230.99012592488182 12.0
231.6416003235918 13.0
233.73806733153884 14.0
236.94038199670408 15.0
542.9176372461683 16.0
659.965964262963 17.0
2303.052780266856 18.0
2377.3076658444106 19.0
3606.0400367465736 19.0
3635.2621262499915 19.0
3636.9162871795684 19.0
3637.0052513715573 19.0
3639.4769107559455 19.0
3640.9625333805793 19.0
3735.6663660591225 19.0
3743.0389805473965 19.0
3743.847616047995 19.0
3771.587944653507 19.0
3775.5906099516687 19.0
3854.7303037840034 19.0
3884.777887861477 19.0
3891.412196185833 19.0
3891.6115658670087 19.0
3945.601430032796 19.0
