3600.0025999998297 0.0
3600.002799999702 0.0
3600.0031999997295 0.0
3600.0034999998556 0.0
3600.004199999924 0.0
3600.052499800221 0.0
3600.065999623699 0.0
3600.077799857355 0.0
3600.090499648518 0.0
3600.1045994587735 0.0
3600.1067994969694 0.0
3600.1120996114164 0.0
3600.1197992521584 0.0
3600.1448994845973 0.0
3600.165299112615 0.0
3600.304193301586 0.0
3600.315391648861 0.0
3600.3730965543527 0.0
3600.3929891103685 0.0
3600.434390759379 0.0
3600.438286871837 0.0
3600.447887476274 0.0
3600.4625948880334 0.0
3600.483690650322 0.0
3600.520590395131 0.0
3600.5923796994575 0.0
3600.6922864083053 0.0
3600.754279011719 0.0
3600.823383810798 0.0
3600.8244805621143 0.0
