172.68138349071577 1.0
189.13544664691958 2.0
206.82865703364342 3.0
223.14557630128928 4.0
242.1925148627789 5.0
2104.229680951873 6.0
2144.009924994611 7.0
2201.4830999515298 8.0
2213.310230499098 9.0
2572.5388539565356 10.0
3493.22438145565 11.0
3501.207502711262 12.0
3601.20859152516 12.0
3601.237189775879 12.0
3601.255290980304 12.0
3604.887684122454 12.0
3605.4496015153245 12.0
3605.585389034597 12.0
3605.7507131962607 12.0
3606.080674488154 12.0
3608.479827572987 12.0
3608.8955479249216 12.0
3609.814044846915 12.0
3610.0289914003138 12.0
3610.108605904737 12.0
3615.494881432204 12.0
3617.767817402562 12.0
3618.0693668953086 12.0
3618.118379952625 12.0
3620.114975834854 12.0
