350.3187935567925 1.0
387.85763279297714 2.0
403.73034834907327 3.0
430.7403087775348 4.0
481.8984461322282 5.0
2152.7451383828966 6.0
2215.0963936801704 7.0
2248.270747949287 8.0
2297.8482253315306 9.0
2620.8251115321264 10.0
3602.0977521167492 10.0
3602.1711070440933 10.0
3602.287671059924 10.0
3602.337686216947 10.0
3602.4184099150707 10.0
3610.5081133142094 10.0
3610.889515610288 10.0
3611.1600126065346 10.0
3611.174159280677 10.0
3611.2343121300178 10.0
3617.3288521702584 10.0
3619.724534189211 10.0
3619.731854853219 10.0
3619.8291888878075 10.0
3619.985502355431 10.0
3632.1398535380345 10.0
3632.885304208907 10.0
3633.880670112246 10.0
3634.1886054899064 10.0
3634.7023923588877 10.0
