7.829790748095995 1.0
9.175853679282136 2.0
9.902073724457885 3.0
10.445757070365447 4.0
10.93694302779617 5.0
16.193163684117412 6.0
24.026070839079868 7.0
24.539868686434836 8.0
25.226672517644584 9.0
26.367695777390594 10.0
32.5471686452536 11.0
38.08347832885225 12.0
46.91928028711567 13.0
47.4323488821146 14.0
50.38360546884311 15.0
50.78986058670549 16.0
52.51161000014476 17.0
58.90192771847482 18.0
66.82692011139982 19.0
72.48914483428271 20.0
80.46626114824726 21.0
86.2510093562418 22.0
86.6136673547706 23.0
97.31063539241507 24.0
106.63946236247968 25.0
142.8676967759487 26.0
170.67099615755637 27.0
191.68050159306782 28.0
192.37501262894918 29.0
199.1573516720855 30.0
199.89347894479576 31.0
226.2042505120618 32.0
243.49083596019364 33.0
247.61515033790718 34.0
249.21509928800677 35.0
770.0347272819675 36.0
807.090017976711 37.0
850.018095479783 38.0
992.2314989697023 39.0
1088.9617773519474 40.0
