0.28034605719594596 1.0
0.2833551389811886 2.0
0.31070003412132885 3.0
0.3132786700305099 4.0
0.3376113200074211 5.0
30.12047703504482 6.0
40.56727482776271 7.0
48.01829082265512 8.0
52.64547642799835 9.0
59.15893385577073 10.0
117.29630137210255 11.0
128.75753917604686 12.0
129.76903384896912 13.0
138.5880915535472 14.0
156.51275071786935 15.0
296.76982541336383 16.0
315.0366592329142 17.0
318.63329438875775 18.0
330.18910299429183 19.0
335.89015647088905 20.0
714.5839549572124 21.0
751.6414412131751 22.0
771.7585963415783 23.0
816.3593179737268 24.0
993.5431996160567 25.0
1274.1334727634678 26.0
1291.8666313940214 27.0
1327.3870623573034 28.0
1978.7682113587593 29.0
2067.496776417819 30.0
