0.3327523084638342 1.0
0.3510364764057785 2.0
0.37349616048785306 3.0
0.37672626600750925 4.0
0.3844449085804704 5.0
5.570169315417894 6.0
6.870208716498358 7.0
7.023468558598408 8.0
7.865723173894413 9.0
8.034226768977277 10.0
16.17080222512434 11.0
21.61947515076312 12.0
23.425161921922456 13.0
24.267080179733536 14.0
25.09903695221507 15.0
26.17843139061514 16.0
43.983395977312796 17.0
44.49552925105615 18.0
45.476687725585656 19.0
63.08685230313115 20.0
68.06102068351633 21.0
119.18423909757978 22.0
125.31978612831271 23.0
125.6417803880637 24.0
130.12460902199066 25.0
165.03035079597572 26.0
170.44024256937692 27.0
184.07188798497236 28.0
214.23560994250582 29.0
220.0598098154477 30.0
