2.8358924415952864 1.0
2.8462322066989043 2.0
3.19955805383636 3.0
3.5528726715545424 4.0
4.928937057118853 5.0
40.63923319589865 6.0
49.0062321726846 7.0
51.98701525757415 8.0
59.891643259773055 9.0
3601.928472578529 9.0
3605.2542817558524 9.0
3605.661478728674 9.0
3605.7752602579717 9.0
3605.849072928975 9.0
3605.976785302564 9.0
3614.5449280271796 9.0
3616.3798084028044 9.0
3616.8774503197474 9.0
3618.26538387651 9.0
3618.3243833067017 9.0
3631.6717181513814 9.0
3632.687080939112 9.0
3633.6758335742124 9.0
3635.1177010138804 9.0
3639.9453200298035 9.0
3729.697960139536 9.0
3739.0195052182944 9.0
3742.6386152217488 9.0
3743.2543037636183 9.0
3766.1959910038413 9.0
3866.3259936878067 9.0
3891.593015641307 9.0
3897.135619941254 9.0
3904.0954638559165 9.0
3912.5192606345113 9.0
