3600.0453998932494 0.0
3600.057899849951 0.0
3600.0602997671244 0.0
3600.086399718692 0.0
3600.0884997411003 0.0
3600.862966747028 0.0
3600.9010817362323 0.0
3600.9640553766035 0.0
3601.0855650852864 0.0
3601.099876763289 0.0
3601.295373723041 0.0
3601.3596007100164 0.0
3601.5198500235674 0.0
3601.6642871269332 0.0
3601.911418960711 0.0
3601.9386326088 0.0
3602.0510936255705 0.0
3602.1612845740883 0.0
3602.4863984731096 0.0
3602.598819576661 0.0
3602.6542531891546 0.0
3602.6892197352277 0.0
3602.806349688726 0.0
3602.8507282636556 0.0
3602.9388142536004 0.0
3603.0883466220835 0.0
3603.3409415442948 0.0
3603.371390061397 0.0
3603.6157919914876 0.0
3603.8837088118266 0.0
