0.00926117291906059 1.0
0.010090389864055194 2.0
0.012230684678395942 3.0
0.019743668423483518 4.0
0.0424015754463698 5.0
0.04288447524747041 6.0
0.044764036830186704 7.0
0.09114913824950066 8.0
0.10322122779059173 9.0
0.10900259310417049 10.0
2.7609831609556466 11.0
2.8060610480580497 12.0
6.287634449492455 13.0
9.154855862553914 14.0
9.448691857421602 15.0
9.861556414948234 16.0
13.300850419700133 17.0
13.701131851509565 18.0
33.77894901290909 19.0
80.17783559406304 20.0
97.90824906398616 21.0
136.95422986768637 22.0
207.69523481237428 23.0
275.8397560331456 24.0
290.89891875139506 25.0
290.93731271903476 26.0
332.873578862808 27.0
419.8009082653719 28.0
430.51199013454624 29.0
456.8347078712077 30.0
