0.6388060538066405 1.0
0.7562394637344672 2.0
0.8226686943425896 3.0
0.8668008359330273 4.0
0.9112265598880724 5.0
0.9406949033320426 6.0
1.0910170290345924 7.0
1.2320867421630695 8.0
1.2723878104119488 9.0
1.6238658425206567 10.0
1.6770629891675144 11.0
2.200428627172177 12.0
2.215031530694505 13.0
2.418885069674311 14.0
2.6137376237857493 15.0
2.7408233744396155 16.0
2.75324878235848 17.0
2.877221919637504 18.0
3.1299279113674805 19.0
3.4389952829065384 20.0
3.8330517493393677 21.0
4.0638775946204175 22.0
4.3079390417090515 23.0
5.152655135053323 24.0
5.512936033537479 25.0
7.265254072346375 26.0
8.568729938467998 27.0
10.14189842943974 28.0
10.698657899799429 29.0
11.210442452277347 30.0
11.689574657707208 31.0
11.958809665540944 32.0
13.202813525557989 33.0
14.329547814983103 34.0
17.52790419352318 35.0
19.654265250804805 36.0
22.7963128838883 37.0
29.780446913296732 38.0
30.367395346233213 39.0
54.592458436889686 40.0
