0.16754855870141716 1.0
0.1782608691121188 2.0
0.18396813609022344 3.0
0.19011795175450308 4.0
0.35259190132540974 5.0
17.67502727813796 6.0
18.805508211174843 7.0
23.239468965816652 8.0
24.422358278458017 9.0
26.559983131036475 10.0
73.64619911889899 11.0
84.29105021167423 12.0
85.75323402685251 13.0
86.59310843537335 14.0
88.4429724326086 15.0
93.50619215394207 16.0
132.26283160098004 17.0
172.22110077301303 18.0
192.28938602707368 19.0
238.71664241714603 20.0
339.6115171946595 21.0
405.78890145139815 22.0
435.21103920392886 23.0
436.8799351785407 24.0
439.5815231356085 25.0
625.1499085223495 26.0
675.5546714858174 27.0
692.3438978953268 28.0
862.4143568885197 29.0
863.2418524777764 30.0
