38.77086125406016 1.0
58.150427103021556 2.0
61.76851368600163 3.0
71.7152283902418 4.0
114.16587103763295 5.0
562.813704146338 6.0
766.2173813799957 7.0
769.1941842631932 8.0
788.3458540179225 9.0
1087.6140406860827 10.0
1933.4225616753022 11.0
2542.2558706752193 12.0
3068.4415675720966 13.0
3286.852908587352 14.0
3602.664730929173 14.0
3608.7517934672082 14.0
3609.6611726753094 14.0
3611.039982842078 14.0
3611.1905799167243 14.0
3613.256353084057 14.0
3620.297426477285 14.0
3620.9076524462607 14.0
3621.4115676884394 14.0
3622.7449099750625 14.0
3623.2240802595034 14.0
3623.4574750765382 14.0
3627.3953809937884 14.0
3632.3134086498026 14.0
3639.465038681271 14.0
3643.1442795742605 14.0
