10.606263482512789 1.0
10.797458385358674 2.0
15.021570081084384 3.0
15.470463989560852 4.0
17.661106476049245 5.0
3600.519280215588 5.0
3600.5585749113084 5.0
3600.578133367489 5.0
3600.603183035831 5.0
3600.604683960231 5.0
3600.756054266436 5.0
3600.807226760681 5.0
3600.818178366619 5.0
3600.83826125946 5.0
3601.2591200119004 5.0
3601.3444057735687 5.0
3601.3832837927407 5.0
3601.3877878893463 5.0
3601.696045284835 5.0
3601.7795802662677 5.0
3601.903100541624 5.0
3601.910289362044 5.0
3602.1767754979455 5.0
3602.2121844371736 5.0
3602.297717715195 5.0
3602.302262662174 5.0
3602.3235665423367 5.0
3602.426688848186 5.0
3602.530350871957 5.0
3602.976599617976 5.0
