3.421839147939947 1.0
4.314184288423629 2.0
5.07303217954703 3.0
5.096703899024365 4.0
6.068089880467371 5.0
14.589601405790793 6.0
14.996643272496094 7.0
16.551674302544917 8.0
16.603927281133164 9.0
16.638070706625946 10.0
26.545622138506175 11.0
26.73155663090192 12.0
31.145881819859753 13.0
31.69752460282568 14.0
33.61250001713766 15.0
33.71281348390583 16.0
34.5114851729368 17.0
34.718736549059805 18.0
35.344706583709375 19.0
37.74885078554313 20.0
52.928473718659774 21.0
55.478000983277155 22.0
57.362949724989505 23.0
69.59564440251009 24.0
70.181996750656 25.0
94.4695160154654 26.0
102.68064573389309 27.0
106.61203742534957 28.0
122.02363623956653 29.0
130.59625207085557 30.0
139.1772961338043 31.0
139.7455873263231 32.0
146.79980867590996 33.0
147.79560313629884 34.0
244.50602087948388 35.0
575.3730770731873 36.0
654.1657161768178 37.0
690.4252679033741 38.0
715.023993905523 39.0
734.6299121775119 40.0
