0.15979044213290705 1.0
0.17597639948088206 2.0
0.1862845124546939 3.0
0.1947462597909031 4.0
0.22242633139501078 5.0
13.758783978244246 6.0
21.36857360840046 7.0
24.35111317077557 8.0
25.442100641288935 9.0
41.075539315439435 10.0
55.488942115626045 11.0
85.78947801387736 12.0
96.73709124196876 13.0
99.82908631915684 14.0
100.3107596171722 15.0
149.92850423442772 16.0
217.59436308188162 17.0
234.71911096892467 18.0
236.4432587756775 19.0
268.2000857079437 20.0
324.2826125885489 21.0
434.27062048106393 22.0
483.28680029155663 23.0
502.5104491229467 24.0
567.1005565112943 25.0
778.3059943914835 26.0
823.598802951838 27.0
915.7289723965589 28.0
971.4247720177062 29.0
977.963546019445 30.0
