0.006371612723534703 1.0
0.0064229996970919245 2.0
0.009462333988571325 3.0
0.011703314622435679 4.0
0.059939089274244406 5.0
0.0823249826786383 6.0
0.08877730119718352 7.0
0.09628709453074102 8.0
0.0994829452068009 9.0
0.1140020831005828 10.0
2.1572378873186193 11.0
3.629110971886462 12.0
9.250741886891378 13.0
15.145445773991895 14.0
17.238899461828414 15.0
23.99641021778078 16.0
24.937599905373855 17.0
154.327532025563 18.0
201.23787428016558 19.0
378.9135395216867 20.0
703.6518385959464 21.0
1743.319659290749 22.0
1745.4642218830754 23.0
1807.143399738603 24.0
2529.1666849812987 25.0
2556.6887223231806 26.0
3156.8566989055817 27.0
3274.761174619553 28.0
3404.873776734791 29.0
3600.506473312235 29.0
