32.01261872947935 1.0
49.113209443509845 2.0
58.50747126511526 3.0
61.29256244133406 4.0
96.22208441623535 5.0
461.59311187658824 6.0
587.4078359395285 7.0
646.7061774642101 8.0
675.6390031302129 9.0
677.9415454156297 10.0
1385.80373445082 11.0
1927.074554194185 12.0
2285.8166730414428 13.0
2430.080555170178 14.0
2991.695929868636 15.0
3607.7141577603256 15.0
3608.819949922146 15.0
3608.952316023372 15.0
3609.0584704082758 15.0
3609.3716686608477 15.0
3615.3302675467753 15.0
3616.4227990477957 15.0
3616.7755665645077 15.0
3617.343711937296 15.0
3619.7225659295264 15.0
3629.3033032960284 15.0
3632.034250139822 15.0
3638.0094075961824 15.0
3638.37183233156 15.0
3638.754869121725 15.0
