0.14985575933498163 1.0
0.15817648970297937 2.0
0.16678798448189935 3.0
0.17669929158489395 4.0
0.3820302969927818 5.0
14.616144718137283 6.0
15.921587637021798 7.0
18.710732628322116 8.0
18.752956441343535 9.0
21.85851605672987 10.0
65.26500985130103 11.0
69.8821045519421 12.0
70.08370971101665 13.0
83.0678242748532 14.0
83.63260007714575 15.0
178.28189205856478 16.0
183.20707937863992 17.0
185.7411303819341 18.0
234.24612075402973 19.0
243.68913406185695 20.0
419.9832430047119 21.0
443.87507413796635 22.0
450.0871322962581 23.0
456.9395590809875 24.0
460.6717499586725 25.0
678.5147406093806 26.0
732.8048862551717 27.0
733.6278426643079 28.0
785.0358052185204 29.0
809.6578873891652 30.0
