1016.2458409643182 1.0
1090.1461385321975 2.0
1148.1448367553771 3.0
1322.118492524918 4.0
1463.4288154475455 5.0
3600.0309922137335 5.0
3600.0330568157237 5.0
3600.0363021353924 5.0
3600.041467444711 5.0
3600.0441959086847 5.0
3600.07711100809 5.0
3600.0796389178836 5.0
3600.085726848849 5.0
3600.097091502555 5.0
3600.097262604486 5.0
3600.1201322451234 5.0
3600.1375617611707 5.0
3600.1456303309255 5.0
3600.150612060947 5.0
3600.153819761125 5.0
3600.2106820088875 5.0
3600.217769100859 5.0
3600.236677791776 5.0
3600.243281679012 5.0
3600.2539250297914 5.0
3600.318272963423 5.0
3600.3470004418914 5.0
3600.3483121501085 5.0
3600.358105099412 5.0
3600.3636305299988 5.0
