0.20180678739693025 1.0
0.20438429782846423 2.0
0.21035163738701335 3.0
0.21650098208051816 4.0
0.21752741569814504 5.0
11.887918191961303 6.0
14.51530331971658 7.0
16.4559587245093 8.0
16.65576824306681 9.0
16.793661899337742 10.0
30.038417705723138 11.0
33.89270457843408 12.0
40.4242059305888 13.0
46.95324919231767 14.0
50.84533134132771 15.0
70.60773001013094 16.0
74.32907845056188 17.0
75.88941966611976 18.0
95.52349183708502 19.0
98.78391502276064 20.0
179.437614208436 21.0
210.16169538069173 22.0
234.99005741834412 23.0
240.23472573330326 24.0
301.5064250288917 25.0
387.32914933118525 26.0
417.81019796457076 27.0
436.7619309427465 28.0
445.1026319232968 29.0
445.2827425001231 30.0
