3387.914333562144 1.0
3600.0043081913914 1.0
3600.0049541236763 1.0
3600.0050840161016 1.0
3600.0057111562764 1.0
3600.021964222744 1.0
3600.023916365955 1.0
3600.0278493254236 1.0
3600.0337649132475 1.0
3600.0496121517713 1.0
3600.0727407155555 1.0
3600.078896542507 1.0
3600.0789875718083 1.0
3600.12809456696 1.0
3600.1351161460407 1.0
3600.140762497847 1.0
3600.14889612286 1.0
3600.1547202623246 1.0
3600.162445693444 1.0
3600.238819915597 1.0
3600.248728341691 1.0
3600.255365265959 1.0
3600.262525620966 1.0
3600.297851117436 1.0
3600.3016673138522 1.0
3600.3315092346334 1.0
3600.3440829338433 1.0
3600.3588934211148 1.0
3600.4272664233295 1.0
3600.6307788427175 1.0
