1.1277979270150054 1.0
1.1430339797585574 2.0
1.1702822801639705 3.0
1.3179797437385754 4.0
1.72956283142446 5.0
30.8816743297165 6.0
31.609742208067814 7.0
33.5842442062011 8.0
44.56362436615894 9.0
58.091623841520104 10.0
235.10813965802345 11.0
241.97384195837893 12.0
349.22125851652663 13.0
438.10300408944005 14.0
488.23052112518934 15.0
1866.6835155096558 16.0
1983.9538305400936 17.0
2024.1412967077983 18.0
2335.2956186601323 19.0
3095.5539186948845 20.0
3600.149782831985 20.0
3600.168470095886 20.0
3600.192914445433 20.0
3600.215372540281 20.0
3600.227936009146 20.0
3600.316551688258 20.0
3600.3232761777595 20.0
3600.327786636242 20.0
3600.3350025418436 20.0
3600.4051082769465 20.0
