0.007314519395141161 1.0
0.007553149554881067 2.0
0.010661056359663634 3.0
0.013308782937356156 4.0
0.033547968800779815 5.0
0.037508005649375065 6.0
0.04284526446621939 7.0
0.045407034647987565 8.0
0.06312674942295793 9.0
0.0721406950955179 10.0
1.2705738133809654 11.0
2.3770891994840473 12.0
2.5331929858337836 13.0
2.9995119851974934 14.0
5.8098668089318455 15.0
6.26683108759869 16.0
6.272702681268336 17.0
25.618228694917917 18.0
110.47906993555047 19.0
122.02915987533115 20.0
447.75126793841457 21.0
470.4796640847639 22.0
521.2721241054297 23.0
556.1803463648121 24.0
763.3189411413562 25.0
883.9631141198411 26.0
960.832061901854 27.0
1038.2358966124725 28.0
1225.9163296861573 29.0
2077.306140083242 30.0
