369.0697106307849 1.0
392.84039551812236 2.0
420.99664487581884 3.0
470.32199027365414 4.0
475.69378220236734 5.0
2655.9148135225187 6.0
2685.334271994275 7.0
2852.304407322469 8.0
2903.7928635983294 9.0
2934.8940763405694 10.0
3502.5299871883117 11.0
3601.7957894210117 11.0
3601.8092232768754 11.0
3601.900383073107 11.0
3602.0935762898157 11.0
3606.956468641295 11.0
3607.0534342903634 11.0
3607.4789141138885 11.0
3607.847740006544 11.0
3608.760182925134 11.0
3611.7263627155844 11.0
3612.432403268594 11.0
3612.8176292031835 11.0
3613.714051446446 11.0
3613.7581550193718 11.0
3615.796654119409 11.0
3616.448873164037 11.0
3618.0127026456735 11.0
3618.151078778936 11.0
3620.9714068201943 11.0
