0.16708900006312333 1.0
0.16845970775406238 2.0
0.16995628237547988 3.0
0.1818217953503003 4.0
0.19977332144417748 5.0
8.119922634586654 6.0
8.993835870971498 7.0
9.990945009355666 8.0
12.228296941226105 9.0
13.648859129215795 10.0
21.675614236330414 11.0
28.033086712372715 12.0
28.895291518516025 13.0
38.194570349483676 14.0
44.50508681876022 15.0
104.39235311067453 16.0
107.39650078333912 17.0
114.627486921897 18.0
115.80982163272617 19.0
122.98092226014495 20.0
170.6531836606941 21.0
171.0124691867088 22.0
254.40189379721602 23.0
255.4350698709285 24.0
259.22007013845115 25.0
295.58202639799583 26.0
302.1969018661496 27.0
315.3668053515313 28.0
328.42891604544326 29.0
470.0261503631089 30.0
