0.31445620896571547 1.0
0.31913864250847124 2.0
0.34151866267782083 3.0
0.3475159756348831 4.0
0.3527682643590979 5.0
3.2345174331860385 6.0
3.6393775033373403 7.0
3.7680633662403222 8.0
3.8370870847221203 9.0
4.219488678286015 10.0
8.059133739727088 11.0
11.108161138267592 12.0
12.035385651033641 13.0
12.650822522678052 14.0
13.296468114385622 15.0
20.905664562953103 16.0
23.93344246279431 17.0
32.15969161834652 18.0
36.7579531855787 19.0
37.49311133048292 20.0
51.30771818770599 21.0
58.68691476361542 22.0
60.800537981427084 23.0
63.68841284783488 24.0
83.44098001348071 25.0
92.3853514639364 26.0
99.13632091303215 27.0
102.18110202443681 28.0
105.84420135215815 29.0
139.2802166300509 30.0
