3600.068802671338 0.0
3600.073063132009 0.0
3600.0939241594665 0.0
3600.098494355922 0.0
3600.099248020586 0.0
3600.6363064538464 0.0
3600.636821891894 0.0
3600.757970527447 0.0
3601.0010572561596 0.0
3601.0729438000876 0.0
3601.4561786430795 0.0
3601.657556274467 0.0
3601.6634908456062 0.0
3601.98749273784 0.0
3602.1986150889097 0.0
3602.411737836785 0.0
3602.5416815389563 0.0
3602.6582997244377 0.0
3602.702066512876 0.0
3602.717470174202 0.0
3602.8955186218036 0.0
3603.090314060202 0.0
3603.1519734423714 0.0
3603.235254974901 0.0
3603.5152163535786 0.0
3603.546081844669 0.0
3603.5723607638456 0.0
3603.8226245489836 0.0
3603.823498525242 0.0
3604.049429843881 0.0
