334.79562605455016 1.0
395.3419976742433 2.0
425.21990489101205 3.0
428.4046042589363 4.0
431.05341057441007 5.0
1353.2747908309436 6.0
1414.5322578288242 7.0
1471.669043380266 8.0
1625.376793969327 9.0
2724.751530640196 10.0
3602.02226182866 10.0
3602.0454650024876 10.0
3602.1035562845923 10.0
3602.2383054702746 10.0
3602.2980725359007 10.0
3610.279955694975 10.0
3610.9101554377235 10.0
3611.0601146438485 10.0
3611.5198149283397 10.0
3611.592918579368 10.0
3611.9415057705337 10.0
3613.4478869533186 10.0
3613.9126881780608 10.0
3615.4027346273665 10.0
3615.537836153141 10.0
3615.5770812331243 10.0
3617.175838175237 10.0
3618.2290975788696 10.0
3620.4892909192176 10.0
3621.318749635751 10.0
