7.739447214211133 1.0
7.783948931758653 2.0
9.494636399470078 3.0
10.299468294327538 4.0
16.162535485414793 5.0
68.95576648386964 6.0
85.81357559651126 7.0
90.97017541498477 8.0
117.8208285023676 9.0
400.95289698336063 10.0
3605.441370134019 10.0
3605.545525331799 10.0
3605.6480143788785 10.0
3605.809584604118 10.0
3606.2649077519995 10.0
3613.5094080685126 10.0
3615.3831083686423 10.0
3617.1143744770256 10.0
3617.9982926087396 10.0
3618.8158729967054 10.0
3631.630175822827 10.0
3631.7109522684127 10.0
3631.82556926582 10.0
3635.373768800988 10.0
3638.1655835923148 10.0
3719.8031671547583 10.0
3729.682636342127 10.0
3737.358540006352 10.0
3745.445104731193 10.0
3756.0494885916396 10.0
3828.0949254298744 10.0
3870.245898483458 10.0
3877.392408371585 10.0
3882.3046113701416 10.0
3904.1821306585725 10.0
