0.9524518614968573 1.0
1.2509629117970587 2.0
1.8126584560895522 3.0
2.4927452917960413 4.0
3.2025816218747227 5.0
15.63067873085284 6.0
16.908694559767753 7.0
17.16413077119956 8.0
39.18075068324707 9.0
59.44407614975195 10.0
69.31453607275218 11.0
127.77760618947889 12.0
164.82101368397045 13.0
166.4546058382937 14.0
183.64876090480527 15.0
183.8618867959033 16.0
185.91010522556437 17.0
187.9329507674652 18.0
201.95696273415504 19.0
238.8767913179062 20.0
1002.0071172611241 21.0
1108.1326950525563 22.0
1111.8262463524698 23.0
1135.4556016361087 24.0
1172.7998520398578 25.0
3512.7655627564395 26.0
3623.9339086392097 26.0
3667.0863511286375 26.0
3674.3521557874874 26.0
3675.4429757653106 26.0
3736.286567473706 26.0
3738.8500688560844 26.0
3741.45585525467 26.0
3749.005110235103 26.0
3765.127765092502 26.0
