0.22362692248994698 1.0
0.2530278074180823 2.0
0.3255449874756393 3.0
0.32929499906786974 4.0
0.481856897726868 5.0
16.869129137179566 6.0
17.115399268542042 7.0
17.599362435880515 8.0
20.118613196712086 9.0
26.338164880184564 10.0
39.819605864309025 11.0
41.74541330562938 12.0
62.9729793099768 13.0
63.874585687318756 14.0
67.41400796020964 15.0
104.96893208226477 16.0
138.04206852582433 17.0
157.66256236812507 18.0
165.60834567736276 19.0
179.03318313915014 20.0
180.69614454181746 21.0
190.65817134775807 22.0
300.00340157550363 23.0
339.1588336164335 24.0
365.5762143892478 25.0
381.2216853902349 26.0
395.5113005579469 27.0
455.80400425510976 28.0
548.7966821485666 29.0
578.1037843874201 30.0
