3.4492707629512527 1.0
3.996359102843157 2.0
4.068482414086388 3.0
4.392422613184796 4.0
4.958473244728172 5.0
36.89603240041102 6.0
42.159603151024726 7.0
42.298309157507916 8.0
60.26379113445758 9.0
71.03877219047843 10.0
135.0459704687133 11.0
139.849759786764 12.0
151.85518875459047 13.0
159.9392494063622 14.0
280.3093438866653 15.0
376.589697701162 16.0
498.2084210932865 17.0
527.5255420566255 18.0
877.6993591091745 19.0
1105.2985549477562 20.0
1305.3600985069997 21.0
2248.829222554758 22.0
2402.4959440976295 23.0
3393.976768272803 24.0
3638.2742001490265 24.0
3672.6311165160573 24.0
3678.996774545769 24.0
3686.5778532756385 24.0
3696.8795774053174 24.0
3698.2882533834268 24.0
3700.627747551864 24.0
3700.9414966794434 24.0
3737.0406952934277 24.0
3739.525674045361 24.0
3811.4368417294386 24.0
