1.339000451795282 1.0
1.4084034125610327 2.0
1.6174031391929957 3.0
1.6890227466612457 4.0
1.962606510064338 5.0
53.73510431404041 6.0
55.77750809310938 7.0
68.48386785307328 8.0
70.28364438348841 9.0
89.17206346544927 10.0
449.99159240573056 11.0
487.08228539417763 12.0
495.0421582959311 13.0
513.2202742732684 14.0
530.2299001856929 15.0
3401.4961310975195 16.0
3489.522664500102 17.0
3518.149903199001 18.0
3600.09578257285 18.0
3600.124183144784 18.0
3600.1496502938066 18.0
3600.1555848162834 18.0
3600.173371127179 18.0
3600.192540669355 18.0
3600.221007404897 18.0
3600.236724206156 18.0
3600.3024685911705 18.0
3600.3111989776585 18.0
3600.3129984097613 18.0
3600.318248025855 18.0
