0.6079989698798103 1.0
0.6611675414068217 2.0
0.761926802673679 3.0
0.8876505066493285 4.0
0.8900645587942655 5.0
9.052417994566428 6.0
9.070276314757892 7.0
11.24963726461726 8.0
11.956934431346486 9.0
12.406262970702997 10.0
57.61137723285924 11.0
135.09315354240553 12.0
136.89294457301008 13.0
152.02735863693974 14.0
161.13059590505944 15.0
623.6638642833999 16.0
757.9491535565951 17.0
979.2144425316386 18.0
1305.470449963159 19.0
1319.1512730463412 20.0
2860.733665593593 21.0
3143.2477416264333 22.0
3286.2967922456105 23.0
3397.775435249277 24.0
3600.3559252324526 24.0
3600.522526786834 24.0
3600.5543703578037 24.0
3600.5641021235233 24.0
3600.7091362472447 24.0
3600.82250097751 24.0
