1.204049705545915 1.0
1.3019717235270072 2.0
1.665286829353216 3.0
1.798900851171311 4.0
2.2379391558553072 5.0
28.218886985933665 6.0
32.089290333545726 7.0
34.163739855733304 8.0
35.07179370986039 9.0
46.97653899671135 10.0
307.17359034835266 11.0
337.0598360326744 12.0
358.5485743420276 13.0
379.33573387419034 14.0
386.26557927158467 15.0
1732.4229384087967 16.0
2156.9097218335323 17.0
2304.0157902476635 18.0
2327.185989582853 19.0
2599.4461075488634 20.0
3600.182555679659 20.0
3600.1887728166284 20.0
3600.1982699940304 20.0
3600.2040479893144 20.0
3600.21211090897 20.0
3600.26972841293 20.0
3600.281427950957 20.0
3600.2850905993673 20.0
3600.3163409225504 20.0
3600.336377331045 20.0
