0.15586050798455475 1.0
0.16056552995341722 2.0
0.3210101836218626 3.0
0.32724980290823513 4.0
0.33504188339318164 5.0
3.7502122914263225 6.0
4.456086476666019 7.0
4.708823322400065 8.0
6.002259779027286 9.0
6.3546934766005165 10.0
12.444285172089623 11.0
13.121265527719627 12.0
17.58540764725505 13.0
20.596946305313352 14.0
21.92531523044445 15.0
26.31966427767849 16.0
53.18160967950003 17.0
53.68202710237296 18.0
57.04678890766212 19.0
57.81593297619354 20.0
89.8995985932526 21.0
92.81847955392315 22.0
107.55596945942257 23.0
112.80745139541706 24.0
114.12234516387629 25.0
118.173142566005 26.0
120.18077680304883 27.0
157.591871625853 28.0
214.986663723504 29.0
229.716663507746 30.0
