4.0868989038785575 1.0
4.748983866808459 2.0
4.859099813656012 3.0
7.381364064740374 4.0
7.439993574556254 5.0
10.362692084451954 6.0
14.737806090576782 7.0
16.985384271580344 8.0
18.304706351345427 9.0
18.53506840709248 10.0
26.984115293024715 11.0
30.574363440775215 12.0
32.26726645943942 13.0
33.24590107666653 14.0
34.33436959294821 15.0
35.17575405107839 16.0
35.55000941027171 17.0
37.93430982528466 18.0
38.438452102035306 19.0
40.08653033447433 20.0
50.887041768569546 21.0
52.925192062277205 22.0
55.87407939511024 23.0
65.87451594553653 24.0
67.21398325215849 25.0
99.36530338490627 26.0
101.40813778756569 27.0
109.88032158263562 28.0
117.74684859340368 29.0
119.18145229623171 30.0
131.6868428135535 31.0
140.9299203981238 32.0
148.51470785245124 33.0
155.1887597298645 34.0
156.00229828562078 35.0
523.2691521073057 36.0
568.8644918204358 37.0
599.5555657227812 38.0
599.7088082748776 39.0
605.6085171499169 40.0
