1.0444952824611229 1.0
3.769412827171502 2.0
5.140290310398736 3.0
5.176812994087736 4.0
5.199863886872152 5.0
5.4684509517171 6.0
7.644973720597806 7.0
8.328894082050903 8.0
9.027453530721145 9.0
9.355905289606417 10.0
10.391722177417646 11.0
11.150864066700553 12.0
14.396286975420868 13.0
14.55546925011217 14.0
15.57354471682077 15.0
15.72319473803184 16.0
15.773911260216714 17.0
16.557785650882398 18.0
17.66756156986775 19.0
17.72885369865153 20.0
19.218021959389134 21.0
22.972136639186104 22.0
26.780328898242967 23.0
27.121828400836804 24.0
29.284582650180337 25.0
32.29389301079023 26.0
38.54398687017306 27.0
39.51361427863458 28.0
45.08802303596602 29.0
60.261259022214226 30.0
66.451768156414 31.0
77.29195973601631 32.0
83.40700411316185 33.0
85.07195894719847 34.0
98.40715247285027 35.0
105.8499374371136 36.0
130.4003962254093 37.0
132.66454389568702 38.0
136.93338016681125 39.0
151.91714460274167 40.0
