0.15766822100119282 1.0
0.16107368238796282 2.0
0.16945099971494337 3.0
0.19021012507603463 4.0
0.37222407804419677 5.0
9.711357088316843 6.0
17.9471767903349 7.0
19.415531461657274 8.0
20.204219297982753 9.0
22.816635832915697 10.0
45.696671874036895 11.0
66.44199246313944 12.0
76.02986898608323 13.0
79.69541247899467 14.0
81.51717141710432 15.0
100.46031517090621 16.0
116.60588703624101 17.0
169.8967025781547 18.0
187.04373794802402 19.0
193.94192285602813 20.0
372.0026008656058 21.0
384.35657682108064 22.0
406.17839649344495 23.0
414.5338963213394 24.0
431.4563554309675 25.0
618.029391837545 26.0
626.4508321814872 27.0
697.9819240241417 28.0
698.1630164889414 29.0
768.7779126498164 30.0
