0.15257712537436308 1.0
0.21383984411320678 2.0
0.24511742213962262 3.0
0.2690929909672777 4.0
0.2901652138868309 5.0
18.398189334008265 6.0
22.776777351512262 7.0
26.946834455331917 8.0
30.56053958986863 9.0
33.103701212380905 10.0
79.1494698127219 11.0
81.19322766760652 12.0
84.8277458312598 13.0
85.05079144630378 14.0
93.10559125330829 15.0
197.0757254575303 16.0
200.1734096432437 17.0
204.7941290118602 18.0
206.52630403183048 19.0
237.9456221554094 20.0
374.7636131180382 21.0
391.31976730805246 22.0
400.73710419835356 23.0
466.2605784721431 24.0
478.9637021938729 25.0
752.7281721792415 26.0
769.3052111704013 27.0
794.5694914124849 28.0
794.836365946215 29.0
798.3528904739545 30.0
