619.6630109655061 1.0
632.4449273548908 2.0
686.1627277236155 3.0
806.2556552573099 4.0
1300.8010605396714 5.0
3600.030160110338 5.0
3600.0329024809394 5.0
3600.0375389605006 5.0
3600.039353686356 5.0
3600.044069012132 5.0
3600.0534868336276 5.0
3600.05877226034 5.0
3600.0625469691213 5.0
3600.0639186222993 5.0
3600.076286434079 5.0
3600.123327873902 5.0
3600.146870490606 5.0
3600.152042119734 5.0
3600.156860234009 5.0
3600.1707199474417 5.0
3600.2225719163994 5.0
3600.2619221234636 5.0
3600.262439443486 5.0
3600.2659727685686 5.0
3600.2697620878284 5.0
3600.3925356097398 5.0
3600.3948625095363 5.0
3600.4113840309165 5.0
3600.4279480972937 5.0
3600.436736722192 5.0
