8.649718145721222 1.0
8.817526015663612 2.0
11.212039183444242 3.0
11.85333890927965 4.0
40.88652232481936 5.0
350.3661687757877 6.0
450.49297513167585 7.0
467.13397183476525 8.0
489.1713604548509 9.0
506.53598384489777 10.0
3600.0698351200417 10.0
3600.073194447531 10.0
3600.0782739287074 10.0
3600.0835686141313 10.0
3600.087372081927 10.0
3600.1084974364067 10.0
3600.1296158279715 10.0
3600.132968962892 10.0
3600.155470424279 10.0
3600.1633052885722 10.0
3600.1901924326835 10.0
3600.192808696435 10.0
3600.2022599441284 10.0
3600.241029041986 10.0
3600.3070251507916 10.0
3600.3127474825155 10.0
3600.325048896621 10.0
3600.327745817656 10.0
3600.328265170517 10.0
3600.4303254343267 10.0
