3600.0711547651995 0.0
3600.0754243638903 0.0
3600.0821790268606 0.0
3600.082295169673 0.0
3600.084408891891 0.0
3600.3843330121076 0.0
3600.4066627465527 0.0
3600.421798458725 0.0
3600.6468993530643 0.0
3600.7217249718233 0.0
3601.351805172018 0.0
3601.427529211275 0.0
3601.466142816049 0.0
3601.5696159936583 0.0
3601.5765157233072 0.0
3604.7503122186495 0.0
3604.7926752224184 0.0
3604.93608613797 0.0
3605.016379645406 0.0
3605.210887872365 0.0
3607.414298500373 0.0
3607.4471527268643 0.0
3607.617550441499 0.0
3608.148219767649 0.0
3608.241386487844 0.0
3610.4643743097454 0.0
3610.873674332705 0.0
3611.258362978621 0.0
3611.791818602028 0.0
3613.6383768391715 0.0
