3600.0039675233647 0.0
3600.0043023862286 0.0
3600.0060836954603 0.0
3600.0063197857453 0.0
3600.006571471354 0.0
3600.0154911430864 0.0
3600.0175320513586 0.0
3600.0191087215503 0.0
3600.0358940457018 0.0
3600.038637335403 0.0
3600.062970001545 0.0
3600.0897271165645 0.0
3600.0947253464624 0.0
3600.09912825248 0.0
3600.0992987512805 0.0
3600.222984454374 0.0
3600.228923504089 0.0
3600.2359100288804 0.0
3600.241659881658 0.0
3600.255538276991 0.0
3600.2573784900364 0.0
3600.2607600563433 0.0
3600.265798970918 0.0
3600.3246157325043 0.0
3600.325275716213 0.0
3600.413734508792 0.0
3600.456574261407 0.0
3600.4820952883697 0.0
3600.5589256123626 0.0
3600.6195121898595 0.0
