2.788927278954276 1.0
11.873229200112522 2.0
13.45886627393259 3.0
14.707710656130509 4.0
16.867451148730254 5.0
26.4373842386976 6.0
31.93991601901432 7.0
54.25461134935109 8.0
61.94094317348045 9.0
82.28292746891059 10.0
189.90377497350252 11.0
190.88416147145037 12.0
197.5740186719324 13.0
230.89596707812436 14.0
244.3462130145642 15.0
432.90808487355883 16.0
612.0228785378132 17.0
2098.607612273782 18.0
2142.5785043964643 19.0
3603.1651143570375 19.0
3619.3988688892573 19.0
3621.873603546452 19.0
3622.309383236222 19.0
3622.8873877562883 19.0
3622.9654818299205 19.0
3661.9150283262757 19.0
3667.0687050960546 19.0
3667.5122874684816 19.0
3669.3783286385938 19.0
3682.1020046016088 19.0
3733.082396242715 19.0
3737.2007317996554 19.0
3746.911177581401 19.0
3748.7916191022127 19.0
3763.143710745278 19.0
