2975.3724974620022 1.0
3063.167961786216 2.0
3068.6142470611003 3.0
3093.5186042151668 4.0
3157.7065579596247 5.0
3600.0256550675313 5.0
3600.0286426526345 5.0
3600.042810696901 5.0
3600.045422481892 5.0
3600.0470868731118 5.0
3600.057995524579 5.0
3600.0667931364396 5.0
3600.0691366528818 5.0
3600.0709525737147 5.0
3600.0796022677628 5.0
3600.1188819364193 5.0
3600.1278722562315 5.0
3600.128064294648 5.0
3600.131805605506 5.0
3600.143526223587 5.0
3600.162853511529 5.0
3600.163463313259 5.0
3600.20011619066 5.0
3600.2054986695607 5.0
3600.227951531891 5.0
3600.274470288389 5.0
3600.347486701698 5.0
3600.3784180757943 5.0
3600.3927309887754 5.0
3600.414541173622 5.0
