2516.557735284955 1.0
3600.0038987033395 1.0
3600.004580016892 1.0
3600.0047918417754 1.0
3600.0048812329383 1.0
3600.0082135881735 1.0
3600.0085627759454 1.0
3600.0093090943255 1.0
3600.010323835101 1.0
3600.013045803544 1.0
3600.013412584211 1.0
3600.0135509207535 1.0
3600.014995502785 1.0
3600.0163963850146 1.0
3600.016412332746 1.0
3600.0199839800275 1.0
3600.0208132529933 1.0
3600.0254169220693 1.0
3600.025900240583 1.0
3600.0265118151056 1.0
3600.0270808675255 1.0
3600.043101552886 1.0
3600.0439418528804 1.0
3600.0461840927996 1.0
3600.046471407845 1.0
3600.0487854230482 1.0
3600.0498917423315 1.0
3600.050563063556 1.0
3600.050970588496 1.0
3600.053652093011 1.0
3600.0579125966274 1.0
3600.0592883304166 1.0
3600.0596520028034 1.0
3600.078362525335 1.0
3600.096547927586 1.0
3600.0980953707226 1.0
3600.114234276876 1.0
3600.1288754740945 1.0
3600.1321431189967 1.0
3600.1874061927724 1.0
