0.006200736911501803 1.0
0.006461959938030448 2.0
0.008165612354156915 3.0
0.010142786249714542 4.0
0.030663829096548856 5.0
0.03136654677240669 6.0
0.036815821526256176 7.0
0.052034242841391576 8.0
0.05707992059567246 9.0
0.06993597055292167 10.0
1.1516869663916358 11.0
1.2111164798727776 12.0
1.631342625426583 13.0
10.76466714404035 14.0
11.151031120094048 15.0
11.40918913326025 16.0
12.16834719471485 17.0
125.00704832316381 18.0
701.1072796923244 19.0
1270.5878238349908 20.0
2177.475835008554 21.0
2921.222041523505 22.0
3600.795537882246 22.0
3600.8524867195974 22.0
3600.9602261958225 22.0
3601.0248558649264 22.0
3601.06533290863 22.0
3601.0834918264673 22.0
3601.357495416247 22.0
3601.628051463837 22.0
