0.006914512720170407 1.0
0.008024212216673376 2.0
0.010226922324209742 3.0
0.011423611859070926 4.0
0.05579279791442415 5.0
0.07018872324926062 6.0
0.07411073966972648 7.0
0.07464606817287378 8.0
0.08890844673222564 9.0
0.13147532623742442 10.0
1.5625782350863342 11.0
2.115786514438435 12.0
2.798662085065292 13.0
11.835068323531104 14.0
26.541085998379383 15.0
29.086715046137268 16.0
45.48342501507987 17.0
374.47084099266004 18.0
997.1609912844449 19.0
1936.4772167124127 20.0
3248.6463313945837 21.0
3560.494920627219 22.0
3601.006059758174 22.0
3601.153555170883 22.0
3601.1620960628597 22.0
3601.1659874549846 22.0
3601.3203337894197 22.0
3601.379948102234 22.0
3601.476842911059 22.0
3601.7048384214013 22.0
