0.11674538448001193 1.0
0.24338800935810667 2.0
0.377290040272644 3.0
0.5358322536888562 4.0
0.605093571895317 5.0
25.97294738355493 6.0
39.676936956067294 7.0
49.54572241914672 8.0
52.00548999442631 9.0
56.141500222447824 10.0
62.41642255997861 11.0
132.2180048568097 12.0
147.92932789823524 13.0
169.77619740936564 14.0
178.36656117536924 15.0
360.66447156040215 16.0
375.3195150168195 17.0
383.58640402830247 18.0
398.5208031620716 19.0
475.18536192817965 20.0
714.7628902578152 21.0
765.202665966077 22.0
805.359303397894 23.0
853.2754673505311 24.0
926.3886633752717 25.0
1164.8802260190066 26.0
1350.6666203645632 27.0
1424.8771567934625 28.0
1442.9817420162365 29.0
1457.5623216765302 30.0
