22.68036926778308 1.0
24.383922843966104 2.0
24.552910772926708 3.0
25.97996588802946 4.0
26.26821932563747 5.0
215.99283336641955 6.0
229.37800470675688 7.0
244.6721096738783 8.0
244.79355641894327 9.0
286.8678821358945 10.0
579.1574398577784 11.0
663.2054369230116 12.0
688.7383737969124 13.0
700.353566623067 14.0
769.878087368372 15.0
1265.3603505389742 16.0
1314.854983835678 17.0
1332.6699404653805 18.0
1384.491182417238 19.0
1387.1922976895041 20.0
1782.4178068646522 21.0
2041.019267992673 22.0
2126.8024927171778 23.0
2299.5056683098323 24.0
2305.6136014633303 25.0
2316.9837789000335 26.0
2394.3301786012275 27.0
2457.188581316372 28.0
2558.9259529719156 29.0
2560.732687447999 30.0
