3600.0663489746803 0.0
3600.0686598309917 0.0
3600.1082714862837 0.0
3600.131467888047 0.0
3600.1713016584795 0.0
3600.8320406505877 0.0
3600.8338613674027 0.0
3601.2267821829455 0.0
3601.3015697707156 0.0
3601.433287528627 0.0
3601.505268991264 0.0
3601.6051297664926 0.0
3601.667731252702 0.0
3601.8335207109626 0.0
3601.9930617815116 0.0
3602.3106940435996 0.0
3602.4598690100847 0.0
3602.505216191896 0.0
3602.6215101949833 0.0
3603.0296105260277 0.0
3603.15136775328 0.0
3603.203727531942 0.0
3603.2736433873933 0.0
3603.4128737307483 0.0
3603.4160193375615 0.0
3603.493286982876 0.0
3603.5174309462072 0.0
3603.5756686331083 0.0
3603.722706680629 0.0
3603.7456706792004 0.0
