0.16681566234711864 1.0
0.18498243331901243 2.0
0.3376386542749046 3.0
0.3499103581822929 4.0
0.35939702106232785 5.0
10.078402848485116 6.0
10.243925355556678 7.0
11.507541916794748 8.0
13.336653586487776 9.0
14.537422237139525 10.0
28.630473530235953 11.0
29.55394986849595 12.0
32.97731342666804 13.0
33.80611751202029 14.0
40.41881265927135 15.0
75.07762501860829 16.0
84.8181678152721 17.0
85.5398131204383 18.0
86.13242181968373 19.0
90.30722966136861 20.0
174.08929075192606 21.0
180.23654348142597 22.0
191.91325527069034 23.0
196.9701447977257 24.0
199.00057586856192 25.0
328.3672141768464 26.0
328.49770597381297 27.0
338.0047131722596 28.0
360.12876244203426 29.0
375.89714089516286 30.0
