6.9512562770866415 1.0
7.147281774701277 2.0
8.739987807558954 3.0
9.480730794231329 4.0
14.946626770683544 5.0
64.16829231401404 6.0
79.05800092820492 7.0
83.2167887313811 8.0
108.9887176928597 9.0
376.9732809345235 10.0
3604.597905299905 10.0
3605.034177043387 10.0
3605.346671926396 10.0
3605.6902036660413 10.0
3606.272832104022 10.0
3612.550441649226 10.0
3614.61754802305 10.0
3616.9991873121126 10.0
3622.539317220484 10.0
3623.7546935795513 10.0
3630.2264199860856 10.0
3631.949801860729 10.0
3632.071146837376 10.0
3632.5844526074034 10.0
3636.1115427285026 10.0
3706.1947947820872 10.0
3708.7507520482154 10.0
3715.868787422986 10.0
3725.5247044418916 10.0
3728.2674310884713 10.0
3824.1238623413205 10.0
3833.4123054372008 10.0
3853.3132771080636 10.0
3856.8570124444304 10.0
3873.008493418154 10.0
