0.007585433118695972 1.0
0.008013470586630378 2.0
0.013063948451854657 3.0
0.017758542892164053 4.0
0.04852133146826798 5.0
0.06545646253708037 6.0
0.11964228277317468 7.0
0.15717674681289662 8.0
0.17572422955007116 9.0
0.18728539939067357 10.0
6.365877295427102 11.0
6.908811030920897 12.0
12.000055599441321 13.0
12.43209577654256 14.0
16.32481358639682 15.0
20.51540472128576 16.0
20.573130956189612 17.0
26.34712440431768 18.0
81.43071088614086 19.0
108.28595481414736 20.0
134.53107554963748 21.0
239.4155655744969 22.0
261.0260696079541 23.0
341.68120330185275 24.0
345.12233485769536 25.0
387.404440655717 26.0
442.2065594630043 27.0
768.930786687808 28.0
784.7040923181804 29.0
952.9744916485944 30.0
