26.999754957930275 1.0
27.62609256084472 2.0
28.565926221205622 3.0
29.733095481348695 4.0
38.68568107316195 5.0
189.9231769131972 6.0
199.8053699466229 7.0
200.64723554409855 8.0
206.60313151010152 9.0
206.8361917154918 10.0
586.2710611849698 11.0
595.4743372423578 12.0
717.0895283948181 13.0
720.7824977060883 14.0
1817.26462965906 15.0
1856.2305745843464 16.0
1875.8231572965058 17.0
1956.2113045751287 18.0
1958.2213196181253 19.0
2266.3727136362513 20.0
2371.6074113485265 21.0
2514.0565935665204 22.0
2708.4319544977266 23.0
2758.15458174789 24.0
3421.3539283290643 25.0
3503.984452284807 26.0
3587.327793153327 27.0
3611.588930882229 27.0
3653.965218730099 27.0
