0.8672241755959373 1.0
1.0209489306271458 2.0
1.0414451711096637 3.0
1.1929818466168132 4.0
1.33998169937878 5.0
2.6952949291436967 6.0
3.0423506538222593 7.0
3.2348632222464593 8.0
3.2661790458464726 9.0
3.6496833007577063 10.0
6.1515362522743455 11.0
6.444931671953203 12.0
6.480686076376412 13.0
6.7125646716037055 14.0
6.90913215650566 15.0
6.981669403042894 16.0
7.48551155023763 17.0
7.575772807625468 18.0
8.694269205275683 19.0
8.807223408183974 20.0
13.697867965383077 21.0
15.298731843469309 22.0
15.359259903636843 23.0
15.792685287617566 24.0
15.796220517085562 25.0
33.120317851275544 26.0
33.49548820660976 27.0
33.98237330496385 28.0
34.92152227018825 29.0
35.14604870394483 30.0
36.8040349703658 31.0
37.75499192856032 32.0
40.68259373704958 33.0
40.90711870396785 34.0
41.72014039854064 35.0
129.90001577442084 36.0
142.54490220685074 37.0
195.8251318738861 38.0
195.97665099409454 39.0
214.8613478742334 40.0
