0.650019799763303 1.0
0.6993779621664882 2.0
0.8172299211565366 3.0
0.892961413646203 4.0
0.9452131733656444 5.0
9.629975322070521 6.0
9.80641664952628 7.0
10.505869911401511 8.0
11.216158966372527 9.0
11.58577111109019 10.0
57.06341995170939 11.0
135.82600352172682 12.0
136.588549007575 13.0
151.33257929900563 14.0
153.5528998715283 15.0
656.8455273639216 16.0
789.737519264572 17.0
923.6823917403452 18.0
1245.7384282618257 19.0
1275.043797188148 20.0
2877.8512354615773 21.0
2944.191833268725 22.0
3464.9699821389763 23.0
3502.1814780063364 24.0
3549.7506695685734 25.0
3600.346682139189 25.0
3600.380035835472 25.0
3600.5343017610758 25.0
3600.6936087880804 25.0
3600.8301551468903 25.0
