0.1689142489786255 1.0
0.20915666337294825 2.0
0.24234027863248442 3.0
0.2521139227860454 4.0
0.36953650938194005 5.0
21.71140232906193 6.0
21.865666952414234 7.0
23.972578614610725 8.0
27.20563586965712 9.0
35.22807212799685 10.0
53.86509397205489 11.0
58.88982687132584 12.0
83.92823584546578 13.0
105.54143194211221 14.0
116.80914187338803 15.0
159.6472999231979 16.0
201.51069839694773 17.0
210.09768012018358 18.0
219.2470700663241 19.0
239.40501202076487 20.0
325.5498458399084 21.0
354.07796051233936 22.0
386.1075824822011 23.0
421.19691012865025 24.0
498.7072550088203 25.0
537.8167513237773 26.0
576.1601185848374 27.0
729.5276530523307 28.0
767.6400139844802 29.0
845.5524450638908 30.0
