0.9991588678407404 1.0
1.6040802116381898 2.0
1.621493006010914 3.0
1.8493881339797822 4.0
1.8829840379421103 5.0
3.9900291955330642 6.0
4.282579597962467 7.0
4.330253150854331 8.0
4.617416709165848 9.0
4.783609366122388 10.0
6.89013965663906 11.0
6.90307376607403 12.0
6.974069325587281 13.0
7.160585535272416 14.0
7.697690384109528 15.0
8.1969380237553 16.0
8.315843401076272 17.0
8.586420197299526 18.0
9.888780473135478 19.0
10.950180075221013 20.0
12.129717483175343 21.0
12.444251898607366 22.0
13.41325971284818 23.0
13.660709062933321 24.0
15.138259773382778 25.0
23.01752444993272 26.0
28.30362544567649 27.0
28.97864882437052 28.0
31.97260307196239 29.0
34.5342667429297 30.0
35.6389779837969 31.0
35.68534670645388 32.0
37.33860565802707 33.0
42.05573883534579 34.0
46.70951466720878 35.0
93.30885109838171 36.0
108.33761672548697 37.0
109.76158760214904 38.0
127.08193206733614 39.0
142.48327561974386 40.0
