16.29581623545383 1.0
18.050008288981825 2.0
21.4917481396515 3.0
21.924828056868527 4.0
24.216404260059537 5.0
103.28121806912345 6.0
110.94949345830076 7.0
122.73223098651587 8.0
125.94780280389443 9.0
176.87681001864144 10.0
297.90021174427716 11.0
313.86074453781896 12.0
334.0888756581156 13.0
348.8107437991775 14.0
469.59712609375146 15.0
1783.0149899708204 16.0
1818.6219557464349 17.0
1900.432321439779 18.0
2499.292045273863 19.0
2548.114265966622 20.0
3600.1176669348793 20.0
3600.144566406413 20.0
3600.152201798122 20.0
3600.187655705443 20.0
3600.1898957275002 20.0
3600.1972456232124 20.0
3600.262936219917 20.0
3600.266761765426 20.0
3600.314262357817 20.0
3600.317784876888 20.0
