255.78369598829443 1.0
286.1112552554855 2.0
293.2511074358971 3.0
360.950587872123 4.0
391.6336821395727 5.0
3600.3362996196965 5.0
3600.361899566098 5.0
3600.3698991836554 5.0
3600.372398608619 5.0
3600.403099406163 5.0
3601.0362932633684 5.0
3601.0744927712585 5.0
3601.095494068028 5.0
3601.1452962073754 5.0
3601.20358860989 5.0
3603.910706783256 5.0
3604.0492089077993 5.0
3604.1991942722507 5.0
3604.4259109347727 5.0
3604.5482270227403 5.0
3606.438598316061 5.0
3606.814271103758 5.0
3607.024838627393 5.0
3607.638657390193 5.0
3608.175772509832 5.0
3611.1406419967075 5.0
3611.4850498805295 5.0
3612.226004314138 5.0
3612.4663005637967 5.0
3613.588930669331 5.0
