557.1180422161943 1.0
605.6276888771209 2.0
640.9347908698794 3.0
990.9733204149633 4.0
1040.3473396686265 5.0
3600.4882113678814 5.0
3600.4886151160235 5.0
3600.53022592986 5.0
3600.5369327738476 5.0
3600.5496307306066 5.0
3601.9440413021794 5.0
3601.9469257034275 5.0
3601.9738382647656 5.0
3602.101406616795 5.0
3602.2414547678877 5.0
3607.9165150980475 5.0
3608.116042284883 5.0
3608.1503795843846 5.0
3608.7405643465027 5.0
3608.8549103762616 5.0
3612.5839529218115 5.0
3612.6002735955794 5.0
3612.769324784062 5.0
3613.169897766617 5.0
3616.726906653712 5.0
3621.585049004506 5.0
3622.483082394022 5.0
3622.4845209676782 5.0
3624.095590148205 5.0
3624.142924939404 5.0
