0.005268563442232699 1.0
0.006572214009640032 2.0
0.009425785894903393 3.0
0.012629885886317638 4.0
0.02269802447269864 5.0
0.02455294757644988 6.0
0.031383476097056606 7.0
0.03741875874025391 8.0
0.038595138867538736 9.0
0.09904074926944006 10.0
1.2279182442899437 11.0
2.427604329026021 12.0
4.620633217485516 13.0
8.197530704038137 14.0
8.544638357661242 15.0
10.462509983479574 16.0
11.302027260308558 17.0
50.89948212359487 18.0
71.90359884798681 19.0
180.37520428928366 20.0
396.4570695030398 21.0
810.5048236806498 22.0
974.4549334315824 23.0
1007.7348294283562 24.0
1182.9729887721012 25.0
1390.746431425526 26.0
1605.420725106402 27.0
1740.763578545494 28.0
2405.380850552805 29.0
3600.2698372052773 29.0
