3600.002499999939 0.0
3600.002799999924 0.0
3600.0028999999336 0.0
3600.0028999999336 0.0
3600.0031999999514 0.0
3600.1303996234765 0.0
3600.13859971081 0.0
3600.198299700431 0.0
3600.202299756445 0.0
3600.2040998668117 0.0
3600.2884992236923 0.0
3600.3093990105745 0.0
3600.316199733633 0.0
3600.3167992143535 0.0
3600.320199466875 0.0
3600.583698441638 0.0
3600.5839984909 0.0
3600.585098321016 0.0
3600.594698565376 0.0
3600.6319986737935 0.0
3600.7287986792453 0.0
3600.7667976679404 0.0
3600.7718960670154 0.0
3600.8013948517346 0.0
3600.806898143248 0.0
3600.8164958581697 0.0
3600.8795968307104 0.0
3600.904893543392 0.0
3600.9106960851577 0.0
3601.0504809298873 0.0
