0.2490557753048217 1.0
0.2601708443998543 2.0
0.2833877250901047 3.0
0.34482560878069557 4.0
0.35933682208918816 5.0
32.7872543434289 6.0
36.700257393657076 7.0
36.909084307274185 8.0
41.28741583276031 9.0
42.61002973164217 10.0
101.32470306272698 11.0
109.24184079234261 12.0
116.65336574815476 13.0
117.21855910574465 14.0
133.45577226223054 15.0
193.23231248009878 16.0
220.21571987621866 17.0
223.9677365345955 18.0
276.9321562395578 19.0
289.96530344470693 20.0
472.66438385198205 21.0
480.688905385266 22.0
491.93200140158694 23.0
499.8342872899045 24.0
543.100949233043 25.0
550.4845408152016 26.0
662.0972228953661 27.0
851.4648876326639 28.0
963.3295448774561 29.0
999.5011717235783 30.0
