2.6122722685797184 1.0
2.686636058131851 2.0
2.8995046320786644 3.0
2.929379237749536 4.0
3.337062406230685 5.0
39.52668954517761 6.0
40.73761661466664 7.0
48.360826781173486 8.0
49.59426707447321 9.0
51.703160490985574 10.0
248.31539334540344 11.0
283.09531092028993 12.0
285.9686354344788 13.0
365.15934500768617 14.0
374.0020116297959 15.0
1502.187252695956 16.0
1825.9005621209405 17.0
1859.030128325921 18.0
1945.4415946569486 19.0
2230.667618411958 20.0
3600.188568049676 20.0
3600.231009618371 20.0
3600.239721218145 20.0
3600.2665070228036 20.0
3600.2789055168787 20.0
3600.3403266094006 20.0
3600.3477184033673 20.0
3600.3687618035115 20.0
3600.401458060517 20.0
3600.463576191603 20.0
