1.7592004153087522 1.0
5.1043527436668334 2.0
5.824863960417955 3.0
8.452178231910986 4.0
13.217327540877317 5.0
23.128802079331603 6.0
87.8211883443576 7.0
110.81382977983253 8.0
147.6787655172032 9.0
220.9583989910693 10.0
286.1468552681988 11.0
290.4469555789935 12.0
310.97176823208457 13.0
420.1043652363055 14.0
540.9525454038891 15.0
651.253942868226 16.0
3061.809051995871 17.0
3605.770405958345 17.0
3607.361943740286 17.0
3615.0896466871022 17.0
3627.0712524955225 17.0
3630.6983517216336 17.0
3633.2290317279744 17.0
3635.036504238159 17.0
3639.6002264257127 17.0
3693.7962889295572 17.0
3703.956541981677 17.0
3704.4565019474494 17.0
3708.6675118058843 17.0
3726.092935499672 17.0
3757.7287126813694 17.0
3778.820927889257 17.0
3817.46085457914 17.0
3817.5501480661196 17.0
3845.616327479074 17.0
