1.876277720347745 1.0
2.277365736300621 2.0
3.25943934997371 3.0
3.9891299720899047 4.0
6.983113329451065 5.0
7.3392068409252875 6.0
10.203785600400431 7.0
11.426792280649419 8.0
11.430766029821651 9.0
11.465365136706305 10.0
12.02090347856048 11.0
12.035857612832523 12.0
12.746616727331366 13.0
13.363868120028771 14.0
14.715837763174001 15.0
15.293719446826394 16.0
15.723455018835345 17.0
16.367428121081144 18.0
18.939450308744085 19.0
25.32927900458079 20.0
43.99559521735963 21.0
44.43046053500686 22.0
46.24433113892955 23.0
49.75822902405783 24.0
50.826884253879385 25.0
54.311414722384974 26.0
54.90350474587555 27.0
56.8940731357899 28.0
59.30161040276275 29.0
59.47806785566433 30.0
75.49708193438937 31.0
84.41057355665433 32.0
89.4106169551529 33.0
98.39893138185757 34.0
101.06568792382383 35.0
182.57486356584562 36.0
187.2419802913062 37.0
214.1526567763785 38.0
269.060742019861 39.0
311.5349547140103 40.0
