1.826751310523473 1.0
6.288589969335622 2.0
6.3174412969668685 3.0
9.175407551980683 4.0
15.959283107172208 5.0
27.461239076454895 6.0
106.2490099972922 7.0
125.00396819026776 8.0
165.92433274122476 9.0
276.2596002444918 10.0
325.791009873775 11.0
338.34890107095157 12.0
355.51323123915824 13.0
508.3932160630574 14.0
618.8447531480257 15.0
711.0436850280554 16.0
3042.725175184713 17.0
3605.352241860566 17.0
3606.2354203949203 17.0
3617.884296551695 17.0
3631.082152929803 17.0
3632.308171530495 17.0
3636.371110532955 17.0
3639.110141183452 17.0
3641.3725805938075 17.0
3693.6953151316557 17.0
3706.553131797399 17.0
3717.505330211551 17.0
3722.1397640017635 17.0
3749.847762643798 17.0
3836.491424148361 17.0
3841.4690543387655 17.0
3906.469102069131 17.0
3909.2461675892137 17.0
3914.3899882087167 17.0
