12.573584619166532 1.0
13.19550921279685 2.0
14.125795274210535 3.0
15.215757072334785 4.0
16.57025490837422 5.0
71.66916430082966 6.0
75.95763724001853 7.0
94.5368988690831 8.0
98.32609662458808 9.0
114.06097739090971 10.0
263.72310037056565 11.0
265.4176151742096 12.0
292.95537494126097 13.0
297.78583399862725 14.0
381.1853499001584 15.0
1573.0971105449403 16.0
1604.9265859290745 17.0
1686.3400513069053 18.0
2157.9155641059415 19.0
2178.2373218718353 20.0
3600.1338578804844 20.0
3600.141435353695 20.0
3600.1639736958214 20.0
3600.1845317505663 20.0
3600.198512512801 20.0
3600.2360987408847 20.0
3600.2424726613285 20.0
3600.2588122650736 20.0
3600.2647048128683 20.0
3600.269203656563 20.0
