2.0519501326616987 1.0
2.2880694324985638 2.0
2.422657301152145 3.0
2.775867003443258 4.0
2.9674345283271237 5.0
4.519904087836499 6.0
4.8924593607158435 7.0
4.988638709225355 8.0
5.139318268258996 9.0
5.15474038513142 10.0
6.924421749623472 11.0
7.315396141469474 12.0
7.519991208811081 13.0
7.524906072118499 14.0
7.894511471163918 15.0
8.423393334405965 16.0
8.792310176806078 17.0
8.975643933652528 18.0
10.30136312585159 19.0
13.401957043212924 20.0
13.639260445982323 21.0
14.182929788496315 22.0
14.451889793019973 23.0
15.52875352308019 24.0
15.633136560171462 25.0
25.37427734285758 26.0
29.148091797770913 27.0
29.85295194883606 28.0
32.06028359666252 29.0
35.096885886658605 30.0
35.22819161237728 31.0
36.19779033718979 32.0
39.806869674242144 33.0
43.029848381644754 34.0
47.451255495290276 35.0
95.92299113980087 36.0
104.14822671819547 37.0
108.14935299788566 38.0
116.50988984936377 39.0
126.23560872552088 40.0
