0.16248094040548788 1.0
0.22308397610751562 2.0
0.2245298898767587 3.0
0.2581469406746486 4.0
0.3844796642301429 5.0
13.784670162063488 6.0
14.010944384653868 7.0
19.777942457013836 8.0
23.575314667993474 9.0
31.255518909070787 10.0
59.13538401008319 11.0
92.35612506524124 12.0
101.0246085258804 13.0
104.35180706033357 14.0
106.4316949143235 15.0
144.22528754711425 16.0
172.3544571782111 17.0
179.22395265346339 18.0
189.55285393708908 19.0
234.78625694395157 20.0
382.02898150635014 21.0
418.2201994484093 22.0
429.793151100434 23.0
463.5864131586186 24.0
504.72234712573425 25.0
633.7138721500479 26.0
680.032672898469 27.0
696.6638094610648 28.0
708.3524697585029 29.0
714.818570809445 30.0
