4.317133127566455 1.0
4.550880675665919 2.0
4.9517888119293305 3.0
5.626543507370346 4.0
6.685889124966193 5.0
12.262053115600077 6.0
18.57557048557553 7.0
19.18175973545033 8.0
21.094381478554382 9.0
22.97121611627677 10.0
28.68355437349437 11.0
29.378715128738897 12.0
31.502911660937137 13.0
34.15718838007218 14.0
34.639160788856465 15.0
35.89227752870938 16.0
38.27707905240161 17.0
39.91096515648353 18.0
41.559994913822536 19.0
53.51801512564659 20.0
57.58383381140855 21.0
64.11799997105274 22.0
65.15115333092399 23.0
65.96784563388212 24.0
74.82689261688392 25.0
121.91407792226235 26.0
141.5275434833034 27.0
151.46991159223492 28.0
161.03566776001577 29.0
161.09100727700175 30.0
176.5834770438043 31.0
177.23493766710249 32.0
183.82769997963737 33.0
207.45553932684368 34.0
220.25949911033862 35.0
482.95585344124225 36.0
535.5191676782576 37.0
537.2477242551247 38.0
638.2039840572621 39.0
673.3532081491071 40.0
