3600.006627088065 0.0
3600.007005351682 0.0
3600.007138064981 0.0
3600.00716301576 0.0
3600.00722444451 0.0
3600.10520182282 0.0
3600.186564720616 0.0
3600.188252222705 0.0
3600.190394736759 0.0
3600.204147354623 0.0
3600.3527742183533 0.0
3600.3597976952315 0.0
3600.367287896663 0.0
3600.410401713794 0.0
3600.4136510276617 0.0
3600.627615070378 0.0
3600.672667531471 0.0
3600.688851607387 0.0
3600.7010406578183 0.0
3600.701051779754 0.0
3600.8800017942367 0.0
3600.9039225781444 0.0
3600.920181579043 0.0
3600.9621425093783 0.0
3600.9660409242374 0.0
3601.0697738180966 0.0
3601.1025422165403 0.0
3601.1076640729148 0.0
3601.14017205133 0.0
3601.16624321594 0.0
