2.1724071483609007 1.0
2.5032560941063733 2.0
2.84888374330263 3.0
3.484388346324229 4.0
3.6497228479207147 5.0
7.2629354418838545 6.0
7.3137164766329 7.0
9.719125883734606 8.0
9.857758076659007 9.0
11.831740109775664 10.0
14.173777336222871 11.0
17.563305599362646 12.0
18.48822350619322 13.0
18.779749565075512 14.0
19.415721301837202 15.0
19.724081841236522 16.0
21.987112248865653 17.0
22.145630140111134 18.0
25.47343051504251 19.0
29.024753939472486 20.0
31.394543954959964 21.0
31.78098472055406 22.0
33.243324144607534 23.0
36.67584306573282 24.0
39.364671539055465 25.0
63.17372528097822 26.0
72.36430271552533 27.0
74.26798099071299 28.0
81.8206544764187 29.0
89.50083615361652 30.0
95.94457027292354 31.0
96.27646284771022 32.0
99.95036024852922 33.0
111.25683022212235 34.0
126.00608764332713 35.0
256.61942844868435 36.0
301.92717787793555 37.0
305.4378126649378 38.0
336.09676859496295 39.0
342.4529228531687 40.0
