0.006150192137245103 1.0
0.006277171002067705 2.0
0.007061746673352465 3.0
0.007983916692757331 4.0
0.04622022198902953 5.0
0.05165355667632654 6.0
0.058225088232872535 7.0
0.08908856808278132 8.0
0.11020174494919854 9.0
0.11292504491646338 10.0
1.666410122153834 11.0
1.686094659708512 12.0
2.5152352380852783 13.0
3.819825029005157 14.0
4.2392063771093405 15.0
7.805747338304014 16.0
9.100147535920284 17.0
116.00315736485948 18.0
138.87210119004507 19.0
446.0204685997313 20.0
462.8022189284815 21.0
694.6045999156368 22.0
1312.621023485702 23.0
2809.4091259586144 24.0
2912.8370165312504 25.0
3278.4021816079576 26.0
3398.5840096756224 27.0
3532.3785578941533 28.0
3600.487631087238 28.0
3600.656410939512 28.0
