0.2126458897971304 1.0
0.23729063126025318 2.0
0.29656618188388784 3.0
0.3036834136897968 4.0
0.3857388437909206 5.0
12.549644574225997 6.0
13.297276677671617 7.0
13.747724468824492 8.0
16.02286480509714 9.0
16.325383198496056 10.0
34.49857569511743 11.0
42.69721395468734 12.0
46.81750744011792 13.0
53.10930853363646 14.0
53.42711147483305 15.0
80.7872809965559 16.0
134.01872817292517 17.0
135.92469795054583 18.0
140.6252229452244 19.0
143.03131211237087 20.0
165.74530898766136 21.0
172.95156853989218 22.0
259.6548402835873 23.0
268.4025566977446 24.0
285.1511193850122 25.0
290.5998869592106 26.0
314.2669708466859 27.0
424.5060864899722 28.0
496.6535899222488 29.0
497.71987241236957 30.0
