3600.036434086528 0.0
3600.0445604609627 0.0
3600.0452136060057 0.0
3600.051002694367 0.0
3600.0546360469616 0.0
3600.310952189704 0.0
3600.327993268737 0.0
3600.3319531861675 0.0
3600.337087110417 0.0
3600.359424470777 0.0
3600.8249476636975 0.0
3600.871645208329 0.0
3600.87501088647 0.0
3600.8887607646298 0.0
3601.0646709434664 0.0
3602.5661263092757 0.0
3603.116412752655 0.0
3603.298622755188 0.0
3603.524400903332 0.0
3603.587148334269 0.0
3603.831070938212 0.0
3603.840861306742 0.0
3604.1877685859436 0.0
3604.3306662223517 0.0
3605.762417369237 0.0
3609.5419545155187 0.0
3613.640746335561 0.0
3614.7308557179713 0.0
3614.9092389886696 0.0
3615.929973321238 0.0
