7.821242530732601 1.0
24.14422995427639 2.0
29.699041991465386 3.0
48.58450625530506 4.0
715.3767271158891 5.0
3600.3869874804636 5.0
3600.394155319372 5.0
3600.394269686804 5.0
3600.41445408354 5.0
3600.4219189556184 5.0
3600.7402995124617 5.0
3600.7593148120177 5.0
3600.7870373674814 5.0
3600.7951262548104 5.0
3600.826722009797 5.0
3601.5287414700924 5.0
3601.589000585988 5.0
3601.638697225424 5.0
3601.702817206935 5.0
3601.7418481730797 5.0
3602.330786805287 5.0
3602.3400565566562 5.0
3602.3556837430374 5.0
3602.3776103482155 5.0
3602.524320303714 5.0
3602.827085246017 5.0
3602.8863433786437 5.0
3603.0716626327835 5.0
3603.208890854455 5.0
3603.43578840632 5.0
