0.00869639397782529 1.0
0.008775315690181307 2.0
0.0113223893784975 3.0
0.014935381591237862 4.0
0.04134412251889197 5.0
0.04567147120396209 6.0
0.050520907543207594 7.0
0.08085423779496459 8.0
0.08869211665158616 9.0
0.10159694859420143 10.0
0.7101091010237333 11.0
0.7700401281553662 12.0
1.94676925977567 13.0
3.173141373916927 14.0
4.666755894417441 15.0
6.313482953653068 16.0
9.304115072696325 17.0
17.319007223420417 18.0
342.94864390713303 19.0
676.3688232226829 20.0
683.2305500153603 21.0
711.5089623051131 22.0
725.5995637279393 23.0
766.6834235613104 24.0
789.7994610193509 25.0
900.3309618902465 26.0
1500.2870307706557 27.0
1693.9172530455533 28.0
1863.4455672708273 29.0
3081.3651947189746 30.0
