0.007514167176889686 1.0
0.010569912039522844 2.0
0.014527415464172133 3.0
0.016649580801861408 4.0
0.05216476697145711 5.0
0.05684792981056486 6.0
0.05736258107545811 7.0
0.076713534014619 8.0
0.10682693999591364 9.0
0.17910749750082067 10.0
3.0410874052753165 11.0
3.2015799687685513 12.0
7.522055863035577 13.0
8.112359465877192 14.0
13.094075580668216 15.0
13.224908029317575 16.0
16.238747646491085 17.0
20.174507607896977 18.0
44.02309168026794 19.0
91.49912538773563 20.0
92.37826184533246 21.0
185.75757065935514 22.0
199.22502056262795 23.0
216.71275916757511 24.0
256.39763334734766 25.0
274.3315382607432 26.0
310.908148400095 27.0
474.7581606125333 28.0
525.5407205249583 29.0
594.4796328791324 30.0
