3.259019466458831 1.0
3.423238107158851 2.0
3.483627914088821 3.0
3.6582455111356555 4.0
4.4383308745138885 5.0
9.187584395764341 6.0
12.244937352667055 7.0
12.350649595917595 8.0
12.772898201093584 9.0
15.22185503964348 10.0
18.249664263030834 11.0
21.404773521902865 12.0
21.684029538859225 13.0
22.239589076167928 14.0
23.71093621215188 15.0
23.963270427946032 16.0
28.717058010358784 17.0
29.61727620702807 18.0
30.86055213967988 19.0
32.145469043844194 20.0
39.30934546420094 21.0
40.05781431349011 22.0
43.31316553072556 23.0
49.97394565374212 24.0
53.29025572229712 25.0
88.71665338690724 26.0
94.60924736978946 27.0
99.8354134059176 28.0
107.50936139006812 29.0
118.58118343827867 30.0
123.82453582205875 31.0
124.87204139892232 32.0
127.29403576538243 33.0
143.8235586855061 34.0
159.6917339122468 35.0
369.7292556494727 36.0
393.28010583568545 37.0
414.2289586372421 38.0
434.98466526815713 39.0
461.5549986819277 40.0
