2.643303708511884 1.0
2.700878912020912 2.0
3.026668179045939 3.0
5.298086441920244 4.0
5.49990766186457 5.0
32.84747033379158 6.0
34.00670676690637 7.0
36.32897008159417 8.0
47.95581645637138 9.0
60.837891178129034 10.0
119.76984330805976 11.0
128.96859209734492 12.0
179.87639894651056 13.0
222.47167886706313 14.0
357.56818023277566 15.0
614.3981822234296 16.0
690.9835885193088 17.0
856.8986998770641 18.0
923.9672463475179 19.0
943.2633052167961 20.0
1633.8778106083735 21.0
1992.0824338712878 22.0
2863.0875877145154 23.0
3516.01849736412 24.0
3627.5814163898885 24.0
3678.8282051177407 24.0
3685.408450818429 24.0
3709.1916154992455 24.0
3721.2598665890155 24.0
3741.7944157694205 24.0
3842.8305423827283 24.0
3862.9747125697445 24.0
3865.4940535508126 24.0
3883.822743657678 24.0
3950.561429991238 24.0
