3600.0081546537544 0.0
3600.008292871675 0.0
3600.0083942067763 0.0
3600.008413415679 0.0
3600.00850634748 0.0
3600.2027128242685 0.0
3600.2142803293455 0.0
3600.23754655464 0.0
3600.2391634374076 0.0
3600.254033494576 0.0
3600.392634749116 0.0
3600.4123447354573 0.0
3600.4369505287677 0.0
3600.4442577087125 0.0
3600.484211211478 0.0
3600.7324010223233 0.0
3600.7340955270743 0.0
3600.7822782454045 0.0
3600.7882552666906 0.0
3600.788626780143 0.0
3601.180522119797 0.0
3601.255559407408 0.0
3601.2570021493275 0.0
3601.336370401171 0.0
3601.3847656587773 0.0
3601.492953154788 0.0
3601.501581692767 0.0
3601.544027276542 0.0
3601.6125173740547 0.0
3601.615375170916 0.0
