0.44768193911421883 1.0
0.5730440427920125 2.0
0.6161805238659859 3.0
0.6582331891544322 4.0
0.6606686651954936 5.0
1.179372891919321 6.0
1.4016131287977722 7.0
1.4518104755540375 8.0
1.5257221854631604 9.0
1.5380587927325013 10.0
2.498269856848755 11.0
2.648516585520274 12.0
2.703031809944769 13.0
2.853866773793167 14.0
2.8914367680704105 15.0
2.9112705477208185 16.0
3.175623618083634 17.0
3.5584117662025436 18.0
3.9942828609372194 19.0
4.263079951224504 20.0
5.415182275248066 21.0
5.557404071788543 22.0
5.559540616648865 23.0
5.868678391769452 24.0
6.211140780244679 25.0
10.825800187709763 26.0
11.621910118426374 27.0
13.046667721225353 28.0
13.384957168442503 29.0
14.59218986295443 30.0
15.61628939013968 31.0
16.50036418584947 32.0
17.178487964307696 33.0
18.196765950079833 34.0
21.883237486622463 35.0
42.714665369288255 36.0
48.093899791443874 37.0
50.0566741629822 38.0
59.21462040571368 39.0
59.42890749191748 40.0
