3261.2186535269598 1.0
3600.0073152721443 1.0
3600.007448793007 1.0
3600.0083041814382 1.0
3600.009050485372 1.0
3600.009423367766 1.0
3600.0107791043433 1.0
3600.0116739432406 1.0
3600.011937378589 1.0
3600.0130017105603 1.0
3600.0140014366366 1.0
3600.015516304476 1.0
3600.0168444547535 1.0
3600.0173021799196 1.0
3600.0177748823894 1.0
3600.0180337369466 1.0
3600.018529421548 1.0
3600.0186220693004 1.0
3600.018890899691 1.0
3600.018896138778 1.0
3600.0235193950793 1.0
3600.0237514263813 1.0
3600.0258960531687 1.0
3600.02613120943 1.0
3600.027298064128 1.0
3600.0366881146283 1.0
3600.0373720499206 1.0
3600.0430896080775 1.0
3600.045693816027 1.0
3600.048398936893 1.0
3600.054163863174 1.0
3600.0582846517023 1.0
3600.061094788824 1.0
3600.066557251497 1.0
3600.071663463175 1.0
3600.113638207158 1.0
3600.1267991183595 1.0
3600.128520972101 1.0
3600.1295797986304 1.0
3600.1432659061857 1.0
