0.006729090056752929 1.0
0.007956353287009721 2.0
0.010730427910927043 3.0
0.013958080765716696 4.0
0.027352579014010336 5.0
0.03496044470423021 6.0
0.03627460687346806 7.0
0.04183356490389012 8.0
0.04723525864074518 9.0
0.04989295156469975 10.0
0.5710491044081001 11.0
0.6491713867992117 12.0
1.674817581391833 13.0
2.0928585025779927 14.0
3.3402550594330673 15.0
3.4316545460455368 16.0
3.682962003331803 17.0
20.534827588371645 18.0
21.993535035817548 19.0
112.64194753588211 20.0
122.69808132450264 21.0
132.58647914796327 22.0
497.81152117957987 23.0
504.5849684621752 24.0
838.7145031859599 25.0
918.9787373279851 26.0
976.2007820290332 27.0
1019.3467916609222 28.0
1166.2729476995635 29.0
1940.6635874921762 30.0
