396.59894990921777 1.0
398.7679463856017 2.0
403.55825126328205 3.0
425.9105328922777 4.0
431.5601471359016 5.0
2505.0241091174453 6.0
2603.5134784595107 7.0
2674.8720891879943 8.0
2699.9431050121793 9.0
3008.2274935345076 10.0
3601.6773965211914 10.0
3601.857710037497 10.0
3601.8949143725627 10.0
3601.9446358535565 10.0
3602.1860878100483 10.0
3606.089315913262 10.0
3606.145471301507 10.0
3606.4087383464266 10.0
3606.801996853955 10.0
3607.225294860455 10.0
3612.8435297672636 10.0
3613.3512384627147 10.0
3613.8265204874815 10.0
3614.0274111858957 10.0
3616.574192954483 10.0
3625.829100410009 10.0
3633.2353326256666 10.0
3637.787372709019 10.0
3637.940114173128 10.0
3643.366119786564 10.0
