57.385101133910084 1.0
62.188728205675844 2.0
86.95599858145088 3.0
96.31517470441014 4.0
464.83416250655523 5.0
3600.354689766624 5.0
3600.380839149565 5.0
3600.4492434131494 5.0
3600.474036943764 5.0
3600.4759520664993 5.0
3600.505621757832 5.0
3600.5914320330944 5.0
3600.649025650362 5.0
3600.7039961000905 5.0
3600.753071558854 5.0
3600.8632643542705 5.0
3600.9451473578615 5.0
3600.9709272284604 5.0
3601.0095409036503 5.0
3601.1325782588056 5.0
3601.18049424408 5.0
3601.2138962422296 5.0
3601.2561646439854 5.0
3601.288871732872 5.0
3601.326311655946 5.0
3601.5024921058707 5.0
3601.548806494687 5.0
3601.550105306618 5.0
3601.6098583255466 5.0
3601.6245338776066 5.0
