1.6069489458358426 1.0
1.8567214943881023 2.0
2.4999920532061353 3.0
2.8473973307870803 4.0
3.2277659486092256 5.0
46.86040216704028 6.0
54.61780436846222 7.0
56.74251022306542 8.0
57.8794244255225 9.0
58.58515398570054 10.0
104.6285419716394 11.0
105.3464847431333 12.0
105.6244610235733 13.0
113.81838047553292 14.0
194.4745974492596 15.0
307.8127034196482 16.0
313.4370826073671 17.0
314.2578654525196 18.0
319.49012989390695 19.0
323.93112050781144 20.0
1004.0792921739727 21.0
1062.5159185631592 22.0
1073.4229784672339 23.0
1323.509282712059 24.0
1343.388506621923 25.0
2850.3924838725343 26.0
2983.3138680804977 27.0
3216.1105677619 28.0
3595.175140471574 29.0
3700.9685407918673 29.0
3844.3336388628504 29.0
3886.6247961898775 29.0
3892.2240388737923 29.0
3897.8340599882245 29.0
3907.603578183942 29.0
