3600.0076089136064 0.0
3600.0079626656598 0.0
3600.008096752006 0.0
3600.008209156125 0.0
3600.011547176106 0.0
3600.017965790448 0.0
3600.018316107885 0.0
3600.0194191178816 0.0
3600.0205871668195 0.0
3600.0246973660373 0.0
3600.051345598627 0.0
3600.053974351706 0.0
3600.0550537647705 0.0
3600.0630880198732 0.0
3600.066784060138 0.0
3600.155045426103 0.0
3600.1633355721415 0.0
3600.164431139213 0.0
3600.173909567762 0.0
3600.1741848892334 0.0
3600.2607771858147 0.0
3600.2769021837976 0.0
3600.2953953071374 0.0
3600.311757534256 0.0
3600.4817436023163 0.0
3600.497479189269 0.0
3600.499397024482 0.0
3600.5145037220245 0.0
3600.530521714736 0.0
3600.812952050827 0.0
