0.23509138226455728 1.0
0.25335405808853095 2.0
0.26861627848904046 3.0
0.27870559672263684 4.0
0.3097719888794659 5.0
13.280195839864763 6.0
15.043826663977054 7.0
17.498271881548526 8.0
22.660043198541874 9.0
28.725850048634253 10.0
51.42332867126295 11.0
56.53671142923307 12.0
59.32544934707953 13.0
73.01259335804775 14.0
78.86751969321138 15.0
122.97244790501496 16.0
204.19582336553492 17.0
204.30528301194894 18.0
206.88474980801305 19.0
214.12155971797856 20.0
361.2396275301465 21.0
446.791280601847 22.0
451.88961492254015 23.0
462.58069659962894 24.0
465.345358021473 25.0
533.1443057107433 26.0
603.8171325260016 27.0
631.9448473698837 28.0
633.3893323240048 29.0
718.7795969962284 30.0
