0.23747137516013517 1.0
0.3960865003655587 2.0
0.541072599011954 3.0
0.5754685251527911 4.0
0.6005751793407443 5.0
18.95646776230246 6.0
22.246836796393612 7.0
25.14397366267524 8.0
28.482784329725725 9.0
32.88514004075545 10.0
62.47711631606942 11.0
78.04247130831246 12.0
78.58716497074961 13.0
83.35878751409852 14.0
88.92101135058272 15.0
125.13262739191916 16.0
148.02219095616445 17.0
155.73303211403717 18.0
241.11835707962376 19.0
249.919103747817 20.0
316.3645689213983 21.0
343.48752509434223 22.0
420.85694634217555 23.0
471.7698286339481 24.0
528.0959591559593 25.0
580.5301669378712 26.0
606.7464963706474 27.0
687.6074512528704 28.0
831.259111024164 29.0
847.5914377457461 30.0
