26.700828956382907 1.0
26.76756478809526 2.0
27.95979038533694 3.0
28.091410464187106 4.0
29.609863273752506 5.0
189.83429787569338 6.0
198.03054735538302 7.0
199.12529043992086 8.0
205.99894867226274 9.0
206.40717517100512 10.0
586.1186767400944 11.0
598.6735656421057 12.0
651.6903732752394 13.0
716.6460930290446 14.0
718.1273302661514 15.0
1813.769874365923 16.0
1859.5630325525083 17.0
1870.3694738680508 18.0
1952.792068391693 19.0
1969.31212607839 20.0
2263.374804651515 21.0
2351.128283872758 22.0
2533.734006140841 23.0
2675.6876078113455 24.0
2743.2748997800836 25.0
3298.647372436679 26.0
3366.9693755065423 27.0
3450.0348541616977 28.0
3600.902098225389 28.0
3608.206591135076 28.0
