3600.0022999997504 0.0
3600.00239999983 0.0
3600.0024999998004 0.0
3600.002499999828 0.0
3600.002899999767 0.0
3600.074499864813 0.0
3600.0963993724117 0.0
3600.1127994421 0.0
3600.117499229232 0.0
3600.124799736479 0.0
3600.159098739558 0.0
3600.1692989299536 0.0
3600.1741978900136 0.0
3600.1804993454857 0.0
3600.18299902104 0.0
3600.2605960052833 0.0
3600.2966963312433 0.0
3600.370386504792 0.0
3600.4141930825817 0.0
3600.4504868567246 0.0
3600.4529909402304 0.0
3600.553291844683 0.0
3600.558886567127 0.0
3600.5603802800433 0.0
3600.57479493371 0.0
3600.607590250902 0.0
3600.62518523312 0.0
3600.6971857780154 0.0
3600.707182863064 0.0
3600.739581434836 0.0
