2.216617249900442 1.0
2.784253749846556 2.0
2.8506036123419363 3.0
3.3135605165859925 4.0
3.658524248847841 5.0
18.86385935372671 6.0
32.95048353915932 7.0
33.56130579472253 8.0
34.295723851957106 9.0
48.775222990381 10.0
223.88520032072472 11.0
262.7547934939308 12.0
298.46910747106205 13.0
303.19614244196714 14.0
373.05462886105266 15.0
1442.7183984327594 16.0
1585.9343306083963 17.0
1589.1923454559987 18.0
2083.4628443186375 19.0
2329.02413299812 20.0
3600.3296201256057 20.0
3600.3556313559966 20.0
3600.3578170143664 20.0
3600.3725959350813 20.0
3600.389620593554 20.0
3600.4127316643685 20.0
3600.4200316798 20.0
3600.4751110794655 20.0
3600.480257983565 20.0
3600.481577313827 20.0
