174.35121671504578 1.0
176.841388344469 2.0
185.449031283183 3.0
195.26761301343373 4.0
199.93553619747308 5.0
2212.0750792137906 6.0
2213.124617142371 7.0
2316.1592200269934 8.0
2482.661701286502 9.0
2549.2137172312864 10.0
3600.9966913292133 10.0
3601.1021902175585 10.0
3601.2130912941643 10.0
3601.242895643037 10.0
3601.344390871324 10.0
3605.1963033726192 10.0
3605.6617307878687 10.0
3605.679475752025 10.0
3605.9000031930063 10.0
3606.042332352763 10.0
3609.0875924469606 10.0
3609.5820682541284 10.0
3609.7008924517568 10.0
3609.770747188867 10.0
3611.1284606179747 10.0
3616.6043890826973 10.0
3617.9719930120054 10.0
3618.506179193452 10.0
3618.7576021775576 10.0
3620.2778705161654 10.0
