252.17335261487435 1.0
274.720170133738 2.0
313.0981894538616 3.0
458.88131228191577 4.0
480.600675116749 5.0
2494.293176588782 6.0
2567.9455189676546 7.0
2632.3826149895885 8.0
3100.865890307282 9.0
3319.6193928711514 10.0
3602.121040389848 10.0
3602.174822785989 10.0
3602.3154798593123 10.0
3602.423353604245 10.0
3602.482193077842 10.0
3610.0491021830057 10.0
3610.1584548592646 10.0
3610.3187725235302 10.0
3610.4734005739783 10.0
3610.4852101861497 10.0
3616.852640652376 10.0
3617.459688372145 10.0
3617.8765933937448 10.0
3618.060730466093 10.0
3619.8308879994893 10.0
3627.8024447203256 10.0
3633.204191039119 10.0
3634.378479378566 10.0
3637.936732153712 10.0
3639.8204333577305 10.0
