2.8946893519546206 1.0
2.981949521818997 2.0
3.045489527130746 3.0
4.811043133924479 4.0
4.829752421717246 5.0
48.05482230614346 6.0
48.65074487767159 7.0
48.72284957662032 8.0
49.076596455093615 9.0
69.72477254285656 10.0
198.9306443110713 11.0
203.04437452782548 12.0
204.4066724146435 13.0
204.48262490295892 14.0
207.09942501383208 15.0
657.9645288039331 16.0
666.0804039539206 17.0
687.0269217844037 18.0
703.8337773802779 19.0
1112.951858068362 20.0
3613.1150078496526 20.0
3616.238427837705 20.0
3618.935327869442 20.0
3620.8404448563692 20.0
3623.13837349632 20.0
3625.542472011443 20.0
3638.881195001878 20.0
3643.245966055689 20.0
3646.7844461546056 20.0
3649.1439394494537 20.0
3678.357597140967 20.0
3686.254313335531 20.0
3691.961429011116 20.0
3714.043221670348 20.0
3730.0393157106646 20.0
