0.0072635776528158225 1.0
0.0076860247052599195 2.0
0.011121325657092118 3.0
0.017563274269640772 4.0
0.04360027208057948 5.0
0.04623194806295139 6.0
0.07344049365628358 7.0
0.07669495328137521 8.0
0.11180868833178725 9.0
0.18925954476606544 10.0
16.964099550619782 11.0
30.849874387709995 12.0
71.63783498174884 13.0
101.46673831169596 14.0
156.71030371599352 15.0
164.28588219014443 16.0
223.13816495874343 17.0
266.71503628594866 18.0
332.857088416799 19.0
756.3770877874177 20.0
1751.891842047443 21.0
3601.9462719619223 21.0
3602.0105310163062 21.0
3602.1451156021803 21.0
3602.172462005786 21.0
3602.229121957125 21.0
3602.269758350802 21.0
3602.2832540777276 21.0
3602.422627355617 21.0
3602.448412563122 21.0
