3.168137307933357 1.0
3.2404464393911807 2.0
3.3740245548489334 3.0
3.4186839647558296 4.0
3.4328689781113306 5.0
56.05424308440059 6.0
56.81313998284133 7.0
57.174854961535054 8.0
58.597913741358994 9.0
66.3295923828145 10.0
226.4960763628704 11.0
226.65814569365128 12.0
228.20536340845243 13.0
236.07227437986094 14.0
236.98740957949212 15.0
724.2913858010741 16.0
730.9061769155977 17.0
740.2952084250502 18.0
771.5004642439176 19.0
830.6162489292323 20.0
3606.086891078205 20.0
3608.8214957629025 20.0
3610.4121351745202 20.0
3611.7455590955055 20.0
3615.3328377309663 20.0
3630.416383785456 20.0
3631.767287669066 20.0
3640.0686915953834 20.0
3640.9487921753635 20.0
3656.30448076822 20.0
3682.036301158385 20.0
3683.3530473015644 20.0
3716.710972534204 20.0
3744.7521691452334 20.0
3755.9950684336395 20.0
