0.007009363380611644 1.0
0.007062481063205173 2.0
0.031167376688771675 3.0
0.03847835106291031 4.0
0.038518874755185006 5.0
0.056324667610735846 6.0
26.160896118609028 7.0
1588.99090772644 8.0
3600.0055562078765 8.0
3600.0278817412177 8.0
3600.11364172427 8.0
3600.129301950916 8.0
3600.1335806555503 8.0
3600.2044823450833 8.0
3600.2223739030205 8.0
3600.223456189595 8.0
3600.2260882277888 8.0
3600.2302044736166 8.0
3600.2313928818085 8.0
3600.241953283994 8.0
3600.253185615069 8.0
3600.29635872189 8.0
3600.326679580466 8.0
3600.33937070237 8.0
3600.3746872255606 8.0
3600.3868859166587 8.0
3600.4246969971186 8.0
3600.442889978315 8.0
3600.6472876521198 8.0
3600.659024204341 8.0
