3600.0141507781614 0.0
3600.0142111357677 0.0
3600.0152569505813 0.0
3600.017116722464 0.0
3600.0214523139903 0.0
3600.3657619171418 0.0
3600.412264879464 0.0
3600.4156555999302 0.0
3600.426015033065 0.0
3600.4710286067943 0.0
3600.782398200033 0.0
3600.901962034052 0.0
3601.2621311196585 0.0
3601.292575859591 0.0
3601.3097127913743 0.0
3601.3121565558813 0.0
3601.324697327569 0.0
3601.395027019427 0.0
3601.458155787855 0.0
3601.591868192944 0.0
3601.662736586156 0.0
3601.708436208746 0.0
3601.733713441224 0.0
3601.733858228013 0.0
3601.7855827655553 0.0
3601.8971681483076 0.0
3602.00964163989 0.0
3602.1889160071933 0.0
3602.2242694339934 0.0
3602.230968131938 0.0
