0.004424900797558529 1.0
0.004734768388836574 2.0
0.005242594893916985 3.0
0.006090788592079344 4.0
0.024157485596761452 5.0
0.029943730022941706 6.0
0.0321157907358014 7.0
0.07399157476137996 8.0
0.08121363322545716 9.0
0.26185238191296745 10.0
0.6279274966566673 11.0
1.0106165478447138 12.0
2.2405278999980545 13.0
5.168175930687958 14.0
5.84235654197657 15.0
6.349734614461225 16.0
7.950035520755877 17.0
240.0458389195795 18.0
317.11719526735305 19.0
320.97303169616674 20.0
391.07328410292365 21.0
688.7694212039656 22.0
702.8704711104004 23.0
1361.9196211485962 24.0
1414.9998101437336 25.0
1418.8921529331658 26.0
1628.8260572917009 27.0
2235.261179925673 28.0
2334.150901066899 29.0
3600.2747168050146 29.0
